         600
  
 A    5.5800047947944202        14.558343856501976        26.520636090652914     
 A    9.9171786784066427        12.478278958226193        18.285622136082022     
 A    1.7209279874141037        16.004385771219635        23.655101095728948     
 A    12.284314635951025        15.761432147729936        5.9654635615134231     
 A    12.010628464371630        16.011617691515500        6.1900069878894159     
 A    11.972531077542136        15.530791072107975        5.9883124874339968     
 A    13.986129481950439        19.415965723302602        6.1739088630025396     
 A    13.834337380983992        19.129026764234599        6.3218685308485520     
 A    13.825354793534919        19.174400103554344        6.2106378335311012     
 A    9.0719280188386122       -8.2660298861685160        18.724531444564889     
 A    17.532918908773979        8.3736534496263815        5.9488656588706226     
 A    14.940549867668691        8.9964521521050980        5.0752440599802684     
 A    12.338566528739456        25.036655194348363        3.8242149924827742     
 A    7.4798070803775021        21.528184816697209      -0.68010108335545594     
 A    7.3168082524902989        20.874294109945460      -0.72360186016323325     
 A    12.005500021434514        24.306178027670679        28.996670094331964     
 A    9.7753321305796437        29.454455173654207        27.307223080403979     
 A    12.269785452864516        24.380228090559509        29.035432223847376     
 A    15.302001623033561        31.487271439231247        14.886032046275867     
 A    21.327203609146459        13.911141802164046        14.526702648340828     
 A    18.301928053712722        16.123434237335800       0.69746230547017396     
 A    27.537689541890217        11.267884008236885        13.851284380542209     
 A    27.352817218455368        11.330809937789477        14.223240508280195     
 A    27.564138605137988        11.180041513857308        13.802116341248395     
 A    18.414685357888118        29.393063580923823        10.118228058349843     
 A    6.2115847604102159        34.349426339217942        16.027311208165017     
 A    18.678474124883142        29.606026872282602        9.9492722354763661     
 A    11.773722093812635        13.278879793913218        9.2200046642416265     
 A    12.620670213345999        13.759056722800358        9.0987097136863611     
 A    12.080916340475879        13.594938195551165        9.0199237223665207     
 A    14.682097627421818        15.409780464880672        19.437996189454182     
 A    5.9728155523206095        4.8868222231079077        12.543506481620842     
 A    21.608535198470218       -8.2454418784652201        13.992774675021014     
 A    11.904325596711772        13.570681372494375        3.0862567331830726     
 A   -1.3692948499937470        17.894094661461939        7.2738010529231696     
 A    12.042766075806293        9.3298383557097040        8.0962450215789712     
 A    23.452649106063241        5.0993309701288512        10.941838675478142     
 A    28.724837655684802        8.5386463396800494        12.155125847075057     
 A    28.761465229588158        8.4272739212320218        12.235126527182977     
 A    26.780602196435613       -3.8418587123925487        6.4920748360962479     
 A    36.347460774467066       -3.9077381590213145        7.9934245124004137     
 A    36.114863164149618       -4.0758089947960716        7.8947952879290915     
 A    2.7244069378798064        26.820866492557691        29.593900638477859     
 A    3.0385766728039867        27.083716576342326        29.279671780588536     
 A    3.2416195972167388        27.310694364778840        29.171445994878031     
 A    5.5844507177382825        10.427741878956793       -7.0137960472820131     
 A    5.6337782628724167        5.3132195753232985        7.0364818293387410     
 A    8.6966187931255003        20.284195848016861       -6.8633603607325266     
 A    29.194657212620676        30.111482835679606        30.965011432105584     
 A    25.296031462294991        9.5639739772773638        34.100847080388903     
 A    24.936469360304656        11.899340706754069        19.853695045671557     
 A    1.7273451237780848        26.110548521584253        5.7616153506327903     
 A    1.9523876324569887        26.332671814193930        5.6837713085870210     
 A    1.9462823522711152        27.092226399111961        5.5415318025819333     
 A    28.022468706687899        26.799225782539306        29.377492561740926     
 A    29.457310213114145        26.519085080850957        15.490602949829780     
 A    27.936397600440138        26.074219727792855        30.022344912471862     
 A    21.520881280947098        33.263699501807473        18.868442174281199     
 A    18.236358835025602        37.815100588583370        2.5617889048464377     
 A    35.164335882059184        30.604234336309041        10.342877711865574     
 A    24.222344756199988        1.9539455725979173        31.431677972968906     
 A    4.5969400832466603       0.41570669959370132        23.497905981582974     
 A    25.534681588671216        4.1784707840659534        32.707119816195814     
 A    29.097926944776134        14.562478922255623        9.0193304228616373     
 A    28.942477480942749        14.668491242365372        8.9649265677332792     
 A    29.229580660703821        14.629543870343795        9.1236038089908931     
 A    6.7134651652735604        14.112708452779684        10.946547332831237     
 A    6.9850328923613789        15.908579324547645        10.883892380575865     
 A    6.9713396781614758        14.614660199309849        10.491198111003905     
 A    36.613569519878446        7.7923561246891708       -2.5781297982639653     
 A    36.471520041696337        19.015586077590523        16.061489364232436     
 A    35.127401601987430        16.590732119403484        9.3059264051068329     
 A    20.444684643069333        12.447767092166256        6.8958560477896755     
 A    19.425018978132719        12.690360682672363        7.5988195263844283     
 A    18.264595617397660        17.167246317655600        9.4736282115620476     
 A    13.042314931564565        34.035265214137944        10.852362482998130     
 A    12.102369519434944        25.035332007239369        23.851455768340159     
 A    15.973665884080885        19.467148353546200        11.243925112406087     
 A    39.054135740601232        40.640561643019673        13.218311135214245     
 A    32.384739478795481        11.066120904638099        18.713264251856700     
 A    28.842197861998038        27.790784265058910        22.959686684540859     
 A    7.9413609667832752        20.535925928250961        2.5926896225365299     
 A    8.1188679321969808        20.337504669291416        2.5771387877699388     
 A    8.1168482181059396        20.529340028513182        2.9115661577802427     
 A    31.353599494462763        8.0374642154192166        4.7213202110786705     
 A    31.000176987656037        8.3305327963869118        4.7765546265796894     
 A    31.006602670546229        8.2300127248971489        5.0786243562377003     
 A    17.425593593526457        19.747724106567237        7.4391643559302114     
 A    18.350973577268025        26.497127599652220        7.6701377662503241     
 A    16.074877936063384        21.848342969919763        4.4926979191169512     
 A    27.305626279691282        14.612513575987267        25.613396523278187     
 A    28.764094587388790        22.935517065968718        31.574567477134440     
 A    23.681851619655454        19.427778671585958        35.453598192971491     
 A    24.643890973223645        7.2763968727346819        37.012935463769423     
 A    25.184471337637031        6.5210933808597220        37.576982083536713     
 A    22.352353240185508        19.847304321266236        18.345092665872713     
 A    17.986590261663864       -13.627752616607383        29.329428293440888     
 A    17.004643011635547        9.8944535103187192        19.392754554399176     
 A    21.946809615991430       -8.6614022469721519      -0.14520575613827072     
 A    18.140040109150437        13.279272187233143        17.230182243355852     
 A    29.619888716612284        14.833226739402908        36.295314926600106     
 A    13.110921072773861        4.9033801992144967        22.632400809983157     
 A    12.902563963760324        8.8583926711274898        11.802082387381406     
 A    12.967121010138063        8.9556460641718090        11.679182160160581     
 A    12.726875694413248        9.0007606939461553        12.234980717689998     
 A    7.8773568814828252        8.6021268839826437        21.895331674655690     
 A   -1.3258389499178775        18.655168858308489        30.521810084503418     
 A   -8.5261008179777864        14.430968959941843        34.817478675536137     
 A    3.6738108571877146        30.308634051492156        27.453222395806435     
 A  -0.37167028873652619        18.146567081222454        18.897504260230615     
 A  -0.35791415110811031        15.219162024067005        26.582611045454307     
 A    4.2259976410195437       -1.2286936378860891        37.208668722885811     
 A    2.2391769245889863        4.3585657436440437        34.863178982861335     
 A    15.631984696227722        3.8786175479459599        34.272650467682617     
 A    21.495622619700647        11.060413842286188        33.137336603376056     
 A    5.6912385729549984        2.0153229909659665        28.827308289919372     
 A    28.035855086880698        3.0576389855765855        42.044431128651041     
 A    25.744879790500406        18.617409807296994        7.4596874491347309     
 A    22.507201982803803        22.833138835529414        7.7851274867642903     
 A    10.689147664824535        15.939653923552179       -4.6941512998225106     
 A    7.1709855977963031        19.049059416939084        8.7747180323038894     
 A    15.156646870069663        23.901573911836103        25.070270659536021     
 A    7.4189368201476880        19.348597152305402        9.1577663992023393     
 A    14.320175566142797        11.452492302228297        23.778680497157744     
 A    37.739750681797709        5.3714994988956795        23.340345601755427     
 A    33.071077145427942        1.5587342608107491        22.433128101321302     
 A    21.051075122656972        6.6051962713320247        17.893613472600375     
 A    8.6837731059094025       0.94181128193564667        36.281838975153953     
 A    9.3178760093136557       0.15142691934626862        36.451120958765415     
 A    33.710633987755060        2.5350905976071143       0.17106583317565985     
 A    27.821590484163568        21.169561786678965        6.0709177174131836     
 A    33.833038782865771        18.095918190112290        6.3475650762451217     
 A    17.957733623222538        35.623140452638573        5.5649288537114101     
 A    16.642920172782926        28.223520501495916        15.471055872093402     
 A    17.893947038898336        35.822711727257875        5.7324967193042839     
 A    33.538060950616639        10.406522080762775        7.7430348270514209     
 A    43.374377414544675        7.7827004591843494        2.5306839958520020     
 A    31.942294520176329        21.271788436222263        5.0713566345170014     
 A    3.8071923573135775        38.377174916995500        10.306690358638489     
 A    1.9827445797115557        26.382451873479319        25.203329202598489     
 A    4.2351154111263920        38.734192331948464        10.949562644022677     
 A    15.294641561920082        8.8520082564782658        15.363575116609786     
 A    11.436559883170650        2.8534283249889891        30.732991454234973     
 A    15.195647438743560        9.6324830076698955        14.915429108208446     
 A    36.237836594800761        12.453985345923760        8.4988558441042361     
 A    23.371058910490859        11.222884308085272        5.3748202851935503     
 A    29.412551848884082        22.717490375539501        9.5476407436984427     
 A    4.6710769126329144        11.524664019806963        11.835631589896872     
 A    3.2695686037021323        23.224862263452550        4.5960248413803413     
 A   -3.9498103762474668        17.988684037009762        10.585362390933346     
 A    11.125740484323153        10.919898399690654        14.796557399293873     
 A    5.0854121975563418        18.162152117699637        25.450913929204656     
 A    11.215900772938616        11.365846692748864        14.749578648074175     
 A    15.132521453351583        12.779369599407572        6.3942238000833767     
 A    14.650235883772458        13.060553222439367        6.2133124958687569     
 A    15.052194926179036        13.262631576976288        6.1577687639951417     
 A    24.425960240957849        12.813719240694088        12.389283580703712     
 A    24.809954792373215        12.838514767765288        12.025768630841311     
 A    24.476221960526093        12.376742335832157        11.911028565182956     
 A    15.589082249341311        10.416700145014184        9.2109730742410179     
 A    15.262429081031351        10.837602774989657        9.4061777705629019     
 A    15.105528034429341        10.261182054874316        9.0244105903012013     
 A    15.326241059506609        32.948540565399448        5.0657496599255447     
 A    25.257526723043810        34.782410529061742        7.1789741742716924     
 A    15.059477918707588        33.038022139270893        5.2150103144923614     
 A    15.610405727595978        26.929701788652480        9.6779495440353038     
 A    32.963962594050173        28.731277503485668        16.388962575971988     
 A    29.596160108295734        30.772122979691428        8.2329990434570668     
 A    31.847898323954411        27.298825576252128        32.021670634981078     
 A    31.711597839759499        27.169909060063041        31.975183611832200     
 A    31.529332522368321        26.962512115992080        31.893524496924861     
 A    42.633814800492296       0.42744808814852664        21.251069640739274     
 A    31.010471663555549       -3.4727284292264065        35.219355765807478     
 A    16.846633855993609        2.0010734420670899        30.868815112448676     
 A    23.982740974244386        23.753967510010241        17.682890300469182     
 A    16.718304594433278        16.073148920559465        13.377764047401264     
 A    1.7696488613141252        22.719676572424024        16.700241440514247     
 A    30.200987898401856        24.950979778610925        6.9686477501068884     
 A    32.399847855624522        23.144243032528077        7.8399238331924188     
 A    18.844938607203272        32.987384971347701        2.9872256889188398     
 A    14.472660892839746        5.7591788855662784        41.932960805669907     
 A    9.7877232571840089        5.8996785553869762        31.056133230103033     
 A    20.300862024963127        20.015597265891305        9.7780103460810448     
 A    10.323727247143564       0.49278074487848794        8.4274711990443709     
 A    10.697451291381087       0.70820968079101465        8.2490907685630646     
 A    8.6741201550274845        13.779290770196864        1.6203418146890509     
 A    12.083926188278598        30.537844186288300        30.164834799025865     
 A    10.574479931634242        23.793298299423373        13.299459038205358     
 A    11.870218217282517        30.868588845866803        29.777210618250660     
 A    21.374345828822197        6.4961127594189803        8.3372832678128521     
 A    26.268773257186229        12.880479612376861        6.2843908804494406     
 A    22.087238051957247        5.9674380138432737        7.7680204769188439     
 A    12.008672634413863        20.907439301300375        3.1612003069933623     
 A    11.774834702109267        20.837931591907846        3.3106651006237793     
 A    11.979841489325329        20.954199199498323        3.2863471863382800     
 A    8.1501991747653797        15.686303724762684        6.5712304865558728     
 A    8.3165831931017244        15.921535555716400        6.4217021266461707     
 A    7.7347609440360658        15.899837039469485        6.9740041795785039     
 A    21.151246602811050        10.312228638334972        19.138137428490779     
 A    6.4337672681696185        21.278768423316798        27.667316496416294     
 A    6.4050185400015849        21.209646598715924        27.158739026062523     
 A    4.9927220360557456       -1.5142228374721332        30.892593562451513     
 A    5.6931377018805689       -1.2793912923844151        30.957300409989042     
 A    5.5120969917054614      -0.89642613836268559        30.817361106839552     
 A    2.6571900213352104        5.3535437410670887        14.205634170286649     
 A  -0.54952641626583132        13.082217177885425        23.764084705495712     
 A    2.9369803067137568        4.7540112185712271        14.964898836787414     
 A    11.592455598014411        29.846368280090388        33.769041793679307     
 A    10.986630842404622        30.173898089206077        34.013292007887529     
 A    11.180040032471368        29.871516962641060        33.708152025170321     
 A    26.849581152674560        11.255744164945055        9.3485970083595795     
 A    26.976076392998799        11.130493958384683        9.4023842004423219     
 A    27.127242356326093        11.010579975876993        9.7141928186017594     
 A    4.4725157829311728        28.577892013408615       -7.2768984794258111     
 A    6.0951377164733369        26.860279091094586       0.35205426248492988     
 A    5.8830921935987632        26.970894908680112       0.24685694471035627     
 A    33.230423567084401        13.441948320167647        9.6586703617440151     
 A    32.865190207473617        13.991690931105698        9.0940695543328740     
 A    33.204833795106460        13.302946832110157        9.3935979871778841     
 A    26.150847268547363        5.6259751962058688        12.621439803824378     
 A    26.078373383856416        5.3298864855530752        13.173472840144923     
 A    26.780742546272215        5.6894460615543991        12.704712256680011     
 A    30.318498488217937        13.559222154329715        15.145485792657354     
 A    30.063636067432565        13.588170660692299        14.973042427312560     
 A    30.221513539044533        13.759374261781822        14.978865826777241     
 A    12.511988414126117        7.4388803035844271        17.333951382924759     
 A    3.0626130586284606        13.341445030028378        16.611052387436377     
 A    3.7155570002146852        12.738953346251957        16.742286519470436     
 A    28.108794455921089        27.306350251334234        1.8620784870405616     
 A    27.480408858353631        26.810735907506633        2.5278357612503721     
 A    35.458525436888998        20.355971927856171        8.8447858726733735     
 A  -0.57242837030147531        28.347806718255615        28.308767438923635     
 A  -0.25715551054831848        28.071539113212889        27.629678284076203     
 A    18.348192072527130        37.690678280316668        15.898369129922175     
 A    27.417896451374894        9.3218656077215218        6.2374278269829428     
 A    27.345230678632259        9.4040741034498456        6.2435857327365820     
 A    27.577548821698802        9.2307128204688667        6.0118264528695766     
 A    16.887651416589801        8.0760169549879937        12.046987739251408     
 A    16.768036213896568        7.9761445440762770        12.123769151546277     
 A    16.825123491563954        8.1455314509235226        12.286085439628295     
 A    22.342446766325121        13.632812763797943        17.986529706958677     
 A    14.342121423618492        22.383935297495988        12.126968339873208     
 A    14.656636726438808        27.227861025558891        34.430232224972968     
 A    8.8320731469668292       0.63898686297656448        32.147764263998496     
 A    8.4058977554898853       0.89961370794807860        32.499213139701958     
 A    8.1881329046359230        1.2256351798388359        32.757611214758370     
 A    14.299284397237058        17.277738639616075        9.1770892055072970     
 A    10.438692158724006        15.946060260458623      -0.33544473215605847     
 A    12.078102301234834        17.970046950200913        16.021104223943684     
 A    12.270867080385395        22.501659129303793        6.4381613616870803     
 A    12.127686531844535        22.548346845411825        6.7397541591559982     
 A    12.371665236282531        22.678580475988781        6.4776562795442016     
 A    10.357330250299901        23.435433017964652        32.013067004427199     
 A    16.872271690887235        25.051579467791647        35.451666359460695     
 A    10.450159494798902        23.537518961337181        32.134704041204330     
 A    9.3350265865097146        26.454066536657649        34.160033057288693     
 A    9.2551597254013682        26.652195461713607        33.876446060680173     
 A    9.3798653213999454        26.530914289491800        34.121122335473778     
 A    10.829600083091798        19.514376751055085        5.8261480732632043E-003
 A    15.512871331935520        13.613977658861966        2.3313658165412736     
 A    10.918092694348738        19.390285467582242       0.18840549584659000     
 A    24.794644614773780        21.372659238250598        10.493644670186086     
 A    13.873913535210919        21.773272800905236        31.688822603334081     
 A    28.775345093865276        13.810568219037968        21.843091018515008     
 A    30.378754647145417        3.5187731142908811        35.366766900475895     
 A    29.095996750506469        9.5917189411572092        30.437029130517459     
 A    30.355663537239536        3.5413322458754211        35.392116524911309     
 A  -0.57223469969283547        18.710307374699724        35.068505434522692     
 A    2.3995111003393879        22.889887635238903        27.545841097962143     
 A    2.4889049230453386        23.181138355409789        27.507395691881033     
 A    16.900580732296572        3.7197625425453529        12.095974830736784     
 A    17.657745724236744        4.6013965126668159        12.453134281383155     
 A    16.709323665952667        4.0226974952722321        12.520511383268799     
 A    9.7859885956176651        11.240120995426153        11.188833754970137     
 A    9.6792918882750474        10.808617574696338        11.046712745356359     
 A    9.7583240859676383        10.978337889428904        11.367663308805467     
 A    13.614765642624311        17.281230891498332        3.1737358374106086     
 A    13.123396295842115        17.578639547712527        3.0115921088498956     
 A    13.315419556986852        17.142961995376282        2.8760410668968226     
 A   0.76634611531169650        8.5803499574210740        11.906074114315109     
 A    1.2318270906067559        9.0412760761017790        11.613142971711769     
 A    1.2046893582100764        8.7917693470403595        11.937620161891136     
 A    10.064582706742579        16.611963669125707        9.5254047572105325     
 A    10.371023007561297        17.074083885210680        9.5868709838977200     
 A    10.284287158665528        16.724820571267195        9.1952672881894806     
 A  -0.73029318261912546        6.1585218006423430        14.757015383520114     
 A    4.9615472564745824        4.8422420990117452        19.621468133840271     
 A    7.5579446533125836        4.0500918584344783        4.1802272022679539     
 A    21.557563492606615        4.9942691848479708        4.0589948626019687     
 A    13.173885897067603        4.3784566048494709        6.8244945409275850     
 A    20.695136071580492        2.3679411182250387       -1.5745525779562521     
 A    6.6381911799555704        21.544596225341806        6.0364685719365472     
 A    6.5044813266837487        21.796118767866457        6.5280297546415813     
 A    6.6586076275649670        21.854222130040494        6.5353586615488668     
 A    11.688766656627283        2.7542510227478756        35.841488935312171     
 A    11.211591862870446        3.4832700758657795        35.309069551083596     
 A    18.282837803444043       -16.082430568111949        20.148011517635073     
 A   -3.2599725222281934        16.656826198349123        17.559241901483436     
 A    11.818884358300130        30.130154340882886        12.314791574101738     
 A    4.7452714213796963        17.990519443357243        20.187903284734727     
 A    4.9559129787458742        1.3769282033618637        34.905721781071023     
 A   -1.6037708905043362       -7.3632455296818380        26.635076950959341     
 A    4.7356401228746270       0.84804188551256832        34.169566510495166     
 A    3.8868033702288001        27.744221430809567        12.005078361943267     
 A    6.6571902409142067        32.496562751886870        7.7281342113889133     
 A   0.99662628888479110        33.031441754828116        12.634052064317871     
 A    3.2291308112055197        19.895802511350677       -1.8248894148232107     
 A    3.9706916601305369        20.077983719906094       -1.6008399029169480     
 A    3.6909243571917778        20.100124951110732       -1.8011962613495049     
 A    25.165571418326586        15.692571260298665        9.8383087601523211     
 A    35.417594291729202        15.441030854345824        12.777237454058982     
 A    25.653407010926607        15.419677346752005        9.1909182328277943     
 A    34.612000610780974        25.274600875393936        33.412828155679371     
 A    34.511025689699139        25.170956927554958        33.454578880426979     
 A    34.493784485805520        25.299333346678434        33.262858652648248     
 A    4.4608485263385553        21.065694113521896        1.9663506964045241     
 A    4.3945413546159617        21.050755612088746        2.0966745662537427     
 A    4.4938900724716273        21.269117677112462        2.0313906007629754     
 A    30.452366851417668        24.756480931268705        34.464834609226607     
 A    30.993170825744425        24.289904030083640        34.212347080904081     
 A    30.849046695975545        24.709493770494930        34.527272153878705     
 A    7.1365432172200567        17.495260253251587        28.280327585195245     
 A    14.201662700013188        16.287374821517602        25.817697604315928     
 A    7.4838273023887751        17.902852609052328        28.507807742351069     
 A    2.7340288353655842        11.576705383065374        3.6654993295971838     
 A   0.66809958395481495        11.805125254860686        2.8820535682280415     
 A    3.8719484088323393        2.9168333192766331        9.8272345797400895     
 A    4.5392954745342804        23.584787068268408        30.567840451424754     
 A    4.4512765164234942        23.700485103537098        30.543912713777402     
 A    4.4147209660022835        23.717709255501362        30.497636742552043     
 A    31.681202881429279        14.706001019208909        18.874930253513568     
 A    25.844818220225324        30.255794965324977        32.513192552861135     
 A    30.229373273161368        22.595715456119866        14.102448769414261     
 A    26.021351640667810        23.413550779131246        34.651826006987577     
 A    29.126548042003957        17.708125669667403        14.244175358214505     
 A    30.893437436490782        18.898236713354251        14.692321644844354     
 A    18.088333578249827        5.8685584447571619        9.1623313083932718     
 A    17.730574953832654        5.8401611235639059        9.2726117078269699     
 A    17.629597310622501        5.4949648923089498        8.8612250337170302     
 A    34.653129990894563        29.110809540244336        34.108329768827424     
 A    34.720933047582271        28.966064829617963        33.853594099646628     
 A    34.398846683659499        28.668713471530168        34.156253628794715     
 A    6.8837811388449790       -1.9243136560429928        34.238813137323255     
 A    6.8908650224854222       -1.7496594874779654        34.382496043324949     
 A    7.2616883712408189       -2.0118169782490662        34.106937308403033     
 A   -3.5118839170143481        10.656151559254372        17.477888025792193     
 A    1.8440976068509971        18.518259539362013        26.837387802111664     
 A   -3.5995856935500425        11.058934260450544        17.776497278404200     
 A    16.100468820664201        29.446289388327003        38.914863541311732     
 A    15.969509138463788        29.382326002170526        38.437699474604663     
 A    15.601788444605186        29.813168273187159        38.991705179448658     
 A   0.29372534626922470        3.1892146352197570        9.1492396872702262     
 A    6.0880272051958020        8.7210041431785026        4.4421204332828745     
 A    14.020968863429781        5.9496089573024982        14.080781674161356     
 A    12.238613165464734       -11.369968792321616        9.6489951364459685     
 A    12.154739947755468       -10.829186315415930        9.9244899622650351     
 A    11.869840524261352       -11.575053202477690        9.7910050466962524     
 A    24.504349694121764        10.578347619372995        16.287555135363601     
 A    24.087966343417484        10.933410705502757        15.858681445307113     
 A    28.528772725618385        10.723633430747903        33.816672974410672     
 A    41.553309606104548        11.438253365528501        5.1132144235879284     
 A    29.040788477036443        5.3374221166737374        7.3989800269323673     
 A    28.430521612626098        5.3912518615573326        6.9801337524846430     
 A    8.9857716092061111       -3.3766606009325764        37.233566360769075     
 A    9.1037666250741118       -3.5684299257439531        37.154761250609390     
 A    8.9026905318510998       -3.2448833040444649        37.452961092760049     
 A    9.9511029712157590        19.817625818427544        6.2518429029762634     
 A    9.9601794780600343        19.078207817832912        6.3875023204454751     
 A    10.527376216709571        19.058201170173806        6.3069766472472386     
 A    39.615096280963442        6.3721106186323642        17.336157113248898     
 A    25.272002816101050        7.7601386373969730        18.679069482134430     
 A    22.267331769287676        7.2422735084076937        32.364340769312122     
 A    15.339120875205889        30.738723373741990        11.284517730502801     
 A    9.8320984400068951        35.174914107276706        14.437216138367678     
 A    6.6173100511881957        15.224328031973020        17.630946963063611     
 A    3.2385015262865791        16.589270674104959        29.723131856456192     
 A   -8.4837444428906339E-002   18.925228085341370        41.757069350055701     
 A    5.7071559712983566        3.6155763376362620        32.253993486935983     
 A    21.177609974800021        10.567149908173484        11.959422496550934     
 A    21.960573801234691       0.93428712812640735        11.641712093404152     
 A    25.973988531628752        3.7746111821138655        16.244666794519169     
 A    15.970394457586075        33.677860969908942        8.6668400679885025     
 A    26.448745276964704        31.334944611672469        7.0411142682879788     
 A    16.300972780678446        33.459535954987338        9.1126322731993419     
 A    6.8248449417785526        23.866937620246890        33.700717649394846     
 A    6.6638832087797715        23.947143943425111        33.443816293599568     
 A    6.7276370134109715        23.864721599737834        33.571912554461257     
 A    7.0297097069479699        9.1310696356317678        9.1625943791308000     
 A    10.126257163508042        14.835211725837851        12.467757328889732     
 A    10.381061550490028        15.025399772859613        12.830449806779658     
 A    25.293244736100938        14.735121585480291        15.507715772135670     
 A    25.155436567240280        14.488705817099094        16.004617766042589     
 A    25.981395504582867        7.3962020932259636        31.000902204172455     
 A    12.866820479894566       -13.988028392579695        12.351821764643724     
 A    18.009817184700786       -13.900299243196747        24.845582293997012     
 A    13.009152334547913       -3.7216171966513354        28.141553923747718     
 A    19.451930014289822        28.693201679444051        36.182998234441222     
 A    38.772309884923189        24.240568862970285        44.660734914661788     
 A    19.931072234835248        16.769562062192755        36.613808750056307     
 A    11.922522745155119        28.800510898318155        9.0011691722759188     
 A    12.156532201138150        28.518975963181290        9.1540208739909392     
 A    11.927628755914760        28.557779694235634        8.8592864157153350     
 A    6.3139883957004850        32.229556171835341        12.166354517219046     
 A    7.1867247908746599        25.380777452885962        7.4835182947927477     
 A    9.1157809212180254        35.573835496534379        7.5231630986865943     
 A    38.505248995846181        4.9363006698800431       -4.5273802054667387     
 A    32.711309206863689       0.31974632319542590        4.3917896456927474     
 A    32.486660228447683        9.5652416286197500E-002   3.2731923008555848     
 A    8.7485376030675379        8.3905750920275786       -3.6210747026654362     
 A   0.99966567423055019        22.081832362391502       0.45554760699772884     
 A    1.3409111122917701        22.110038712836634       0.51338883510909294     
 A    14.529864953072599        7.7188355316314823       -1.0612025755865158     
 A    7.8367810118197054       -1.9939307403278004        9.3241325754968436     
 A    7.7443417869851361       -2.1778190478843014        8.7713975825813488     
 A   -3.6306228180622697        7.1446094618863443        16.159478795288024     
 A   -4.2219954601827077        7.7710730164559623        15.304781458657672     
 A   -4.0021301706569101        7.0812794290465133        15.779139742075809     
 A    5.5861271703282389        26.811701351725336        4.4651047391161400     
 A    5.6356011128371968        26.963574478879178        4.2357721522220864     
 A    6.0763090715376489        26.464809111797937        4.3594504844769029     
 A    30.148799466789391        11.922981902130648        11.177440226620567     
 A    30.034533022036364        12.084349239734804        11.563949949174262     
 A    30.247113685877952        11.776928841703695        11.369271441094682     
 A    19.665182664334178        9.4382671177248056        14.877358254947643     
 A    20.394947649579670        5.9770733891743788        23.942595380207024     
 A    19.446824204241718        9.6492255326230296        14.980650362687296     
 A    7.9474545875101645        24.948220612401673        29.758421809496632     
 A    7.8156516803143417        24.682662646573622        29.577074940296686     
 A    8.1212855610598691        24.992221312645391        29.575081924974995     
 A    22.730562818106769        17.674319452270453        32.582094039538553     
 A    22.414853155272052        11.419674933814902        22.338217355236349     
 A    30.556793414348945        24.175241380857248        49.487131992344388     
 A    18.950793345211284        9.5139367062307976        9.1782865093168269     
 A    19.210918039936068        9.1483524264212281        9.2753452154705069     
 A    19.030842386956273        9.5311204302100929        9.2940635159894782     
 A    12.676583448187616       -2.0372643173367933        5.5526411515562302     
 A    12.249844223572065       -1.5608164711627539        5.5679499221036677     
 A    12.469195590791390       -1.3805182196255754        5.8061041146666144     
 A    9.1141389483362119        22.426374757069262        8.9693637301061333     
 A    9.1053674917561942        22.782028691373121        8.8874451758134754     
 A    9.1332825462762806        22.814356161119242        9.0750947357416081     
 A  -0.97406221808734350        9.6357532172439715        15.152970737710495     
 A  -0.98676609248307956        9.8196344174694072        15.207026148532638     
 A  -0.56354655806782950        9.9750405953073731        14.991685553325448     
 A    5.9960573001350133        17.880494250890997        4.2234585866935674     
 A    5.5234839593637357        17.816712139309377        4.2845597120087113     
 A    5.5790216060463953        18.485998262292469        4.6122352308894845     
 A    15.584580061883486        22.371625561581642        8.6072812738221192     
 A    15.204663287736786        22.267421170173915        8.7001696893356950     
 A    15.758908393665212        22.948158519941479        8.6624252837079574     
 A    37.026190191797845        25.005963077232945        26.625051015546266     
 A    33.188966979437907        16.179147009189258        15.685113658929819     
 A    30.194869480184646        20.898628389969939        20.706776872215514     
 A    16.857501902796571        18.590297625926276        3.2565691129531347     
 A    21.313753002347752        30.261572506909076        8.2141470281435147     
 A    32.343662862663443        26.870816690182547        10.168901186367501     
 A    24.564473953371611        20.065828893804888        15.623067611889340     
 A    5.5992187526536323        21.127311859191035        11.822595251081976     
 A    14.158411907063405        14.059026939565108        16.348364841073430     
 A    9.4446271316737924        23.367706650853304        4.7801607085048765     
 A    9.3607720062918673        23.730407060787890        4.7070847829603579     
 A    9.1084613650352697        23.293974523449883        4.5993632990725635     
 A    14.597132112413981        17.128954832429518        30.835969858895925     
 A    10.106691208499848        21.195412024547952        28.671864986469252     
 A    10.061149169572358        20.956628783633533        27.939466802261531     
 A    32.955230274560542        14.672843748984461        5.6391258652152096     
 A    33.681248609531643        14.820719344407099        5.0258574499806743     
 A    25.375593836778528        10.286491351774492       -2.2522422180879187     
 A    31.857213441700825        15.756882529683486        12.368635535077866     
 A    31.701228618748438        15.922103482912387        12.262206140820904     
 A    31.519753868837295        15.516952288603822        12.047465161059735     
 A    14.288481490442333        12.249897173099113        12.406438913313004     
 A    13.928254589855181        12.986857560412393        12.479292069103114     
 A    16.818205521503547        16.135728851785839        6.4440184428445813     
 A    6.2976899365032679        17.532343988125266       0.52991001428850415     
 A    6.4041334629135642        16.640685183449772       0.28604807874348509     
 A    6.2216053310242083        16.324965365222397        1.2176695936201196     
 A    7.0197263815164463        10.347768873555914        17.034326174837940     
 A    15.942604434093790        3.1272814422940307        16.754438219681056     
 A    2.7695034472172364        4.1023405323576752        27.685878129209371     
 A    21.254494860936191        8.5689116988680603        4.9266648198903624     
 A    8.5905280947301339        12.149685340492891        8.1339672979679349     
 A    21.133499882722969        8.5707675889250385        5.3304432156845163     
 A    1.5892922654738582        12.256844920560470        13.352032444439869     
 A    1.6409977632817365        12.596648154684193        13.538397027248429     
 A    1.8759570906349541        12.824223511519671        13.433156556743597     
 A    4.2135806539860585        24.261982785360235        40.788854311369072     
 A   -4.4466776881450700        21.183997414096982        18.003398631713367     
 A  -0.13533178517733294        24.403837872797862        29.522620047654748     
 A    9.6393098945223770        17.036703980456462        3.0109970539131306     
 A    9.4755721640769401        16.688522952525506        3.1977210455654066     
 A    9.4352006080330462        17.337698004941601        3.1101801026551477     
 A    7.7863458383870627        12.243532668960434        14.381124620107506     
 A    7.6184356601195882        12.557946116562803        14.103427170387155     
 A    5.7878402830232440        14.418145227322753        4.0534947565793953     
 A    9.1185315845003778        32.720953869988911        28.638218748728480     
 A    16.224743879939716        14.023324487939499        9.9032055812960014     
 A    16.272175136361536        13.983096298846801        9.7812154168982453     
 A    2.4001422973517226        19.382183995223141        13.042826723403557     
 A    3.1117994667898006        7.1731895201363782        5.0351588148885940     
 A    10.415706312037596        25.751453790061451        7.6742139599591823     
 A    26.812678347209097        18.032670601050299        2.0850006170397575     
 A    18.404618988363115        12.141882981285679        4.4945205386904510     
 A    18.145979970637125        11.299555870559814        4.0680438088045978     
 A    21.391254796345326        14.386552465857514        10.988718365523971     
 A    20.737483926287954        14.207317616482264        10.473567527108044     
 A    14.071831855819370        27.020337093483249        13.348887959494215     
 A    12.598173609750233        24.345525002467443        10.044671548684613     
 A    12.493365647773469        24.517678828955976        10.080923006170664     
 A    12.381510919064585        24.161660271686937        10.059336949582725     
 A    4.0297939020435027        12.900057994089877        22.407228943858197     
 A    2.5324323066590733        17.873117415316020        32.889806946006111     
 A    2.5590810375949165        17.610086557286280        33.277722539763111     
 A    12.647937951849745        27.119335178045013        31.477935181453280     
 A    6.6735287771499499        27.803170825968785        28.058833098831673     
 A    12.155074686409112        26.804049548701123        31.856847087123796     
 A   -9.3692682616357956        1.8212231633155143        36.666167938444104     
 A    1.5722327272617280      -0.79636405029123458        31.127361475913229     
 A    1.5778973171548540        7.0942675103062403        17.418559434855499     
 A    19.489141412613780        22.199339916376150        5.7698564666139340     
 A    18.831846578416787        31.917566948162161        6.4921879174503561     
 A    18.452161817158821        32.080235167401888        6.7885755150718001     
 A    15.906160410958694        30.073164286252968        29.966011863271337     
 A    26.247847065340256        38.805955684761173        9.1953610431872939     
 A    26.287700305474431        38.784160645631623        9.4866007327714765     
 A    27.752773775001067        14.948214362896008        12.698485678821388     
 A    27.838129825715765        14.768585729250530        12.405086467118601     
 A    27.726322902890551        14.567471620595818        12.609573703865420     
 A    30.252048550238857        11.925965939452718        6.7297120422113537     
 A    30.033047653358796        11.998789176835038        6.8569213412152141     
 A    30.137905042895987        11.615262519536126        6.3759674323361226     
 A    9.0849468440423262        27.174315909579914        11.526329037827539     
 A   -13.131998592607054        32.206935173139541        12.779707323735131     
 A    9.4504835534047782        27.353310471454275        11.680294348495538     
 A    28.027997147677770        6.5910285873284060        34.954113093197094     
 A    27.539398926375341        6.4131025727597768        34.452249047820629     
 A    27.351756433191216        6.7161577841799129        34.894958348168849     
 A    24.559623722921259        8.7261302425594369        11.831576363402807     
 A    24.948182044814537        9.1039019550613709        12.253166393671716     
 A    24.758285523363309        8.9051713045501337        12.230530043703183     
 A    13.819354245026773        26.173644612674131        6.9865999628640232     
 A    14.532618815365508        25.810063685110624        6.3994245294775789     
 A    13.740058551800288        26.707240273043940        6.4279541435814433     
 A    20.297126782278770        6.9420493601892916        11.747919658332947     
 A    20.514008264216343        6.8348305027189333        11.968031529099793     
 A    20.454885170068447        6.8567138913737642        11.370839432780802     
 A    9.5759046681353368        7.1157959375655269        10.449688180718503     
 A    10.476566587640981        5.9503897806156791        9.9109569632875392     
 A    10.398160703566969        5.7095621244293397        10.125144423632278     
 A    18.617332834585167       -5.5457067928809991        28.897806265012207     
 A    18.262133078636207        1.8932685778004330        26.601035231212617     
 A    27.906271610593503       -1.3607809026338658        17.634846349719897     
 A    3.0065414580162537        9.4206840753151848        15.475225664997337     
 A    3.8615120191335972        9.4853323432304180        14.838732772456302     
 A    3.6990369372779557        9.2642736615877421        14.535636774469857     
 A    23.766918752671543        7.2289273492204682        15.104231904673320     
 A    8.9413212609067099        23.921118959429254        26.169546547028816     
 A    23.666952015343522        7.5155251259466596        15.134913016507895     
 A  -0.37811080740638420        40.391829442816643        21.704547950738640     
 A  -0.88314316022891248        20.813895893286954        27.533442056355266     
 A    7.4771176429951884        17.293508540184224        14.255041718014303     
 A    16.239695917253385        30.184131426309627        33.983712525314530     
 A    25.619095863122858        16.669832183986358        19.479680880276103     
 A    15.716405328009206        20.440563222682862        26.339059921811483     
 A    32.369500324031193        6.8002190094995196        32.406436732598493     
 A    21.638696784836757        4.3555946146299380        14.379918274557474     
 A    17.066009821469677       -7.1145941422895289        43.274287353521835     
 A   -1.2792012023604373        8.6991406469614834        8.6769981662301330     
 A   -1.4154128449991341        8.8968805441048104        8.7142842728450631     
 A   -1.8188596539785344        8.6884844052711045        8.8327893383442095     
 A    1.5446760428359940       -9.3485279356646256        23.811732411258028     
 A    10.709323727186717        7.2404555478286925        14.409624875637231     
 A    10.619708777946043        7.2506278502905461        14.546020023399546     
 A    9.7247084509496116        19.420780631961428        12.342944172480189     
 A   -2.7524323098836150        34.933663383405055        14.251154088026365     
 A    8.9228478085352450        26.022648151567569        15.376428980209202     
 A    17.547451173577965        11.482565475625648        12.076298343877513     
 A    18.030221086159251        11.683027594093184        11.912697940019843     
 A    17.819606407396002        11.841315069315119        12.428340388008072     
 A    23.920272556130382        16.504766774485518        12.850106511429543     
 A    7.1357670226212546        13.501315067225638       -1.4921256095558399     
 A    24.180115817818674        17.310942790575055        13.018280179133853     
 A    8.1843625985981312        20.387615360004201        15.509251106885701     
 A    15.685580100384312        18.898686393136806        19.588352132367714     
 A   -3.6958928698933393        18.688552064061192        22.760911307791929     
 A    22.592469302572599        10.078305924319064        8.4262745516848039     
 A    23.216647114838008        9.5304306858747676        8.3257267141413553     
 A    22.778626962428156        9.5791688219546938        9.2378294248427011     
 A    8.9779076995858311       -2.8745509142606287        30.957143084253392     
 A    9.1288664349996615       -2.9602714039149931        30.876876344192066     
 A    8.7381686674380177       -3.1381605063501281        30.821163825425081     
 A    41.248756124902229        7.3739398013811961        6.4247495463288589     
 A    27.032691126670017        3.0912486868635760        4.2493853196573736     
 A    30.393357295475578        5.5563324925603412        11.020011185876525     
 A    23.141559532169943        15.266149293729537        7.0656543134782961     
 A    19.821127182744167        2.4454366322406518        9.4966805761812676     
 A    20.284257894335287        3.2783889221709526        9.8504220705703691     
 A    13.577641490004035        1.2459429849923409        1.3557513542048449     
 A    29.124911882860133        3.9782362608191897       -1.5401789071556369E-002
 A    13.235592961950195        1.1291530141943660        1.5952065252043410     
