         600
  
 A    6.7930999222675048        16.496734530382344        19.311260239157026     
 A    4.6754513863795344        18.242265257578001        18.099405748717462     
 A    7.3159729126789141        17.906921035589825        16.715501733968434     
 A    12.774394623676475        14.303223952907809        3.3870590594862433     
 A    14.162021253525912        16.427969188400411        1.7870813217800634     
 A    14.253527520790207        13.569085167097514       0.88242185226057646     
 A    13.537803139752393        17.437491095163654        9.8296857742461849     
 A    15.711998019322639        15.835157689561761        8.5237593001821637     
 A    13.021180516897831        14.599438139347480        9.0059401395594616     
 A    8.2576614161400475      -0.23845005844965581        6.0004516780942323     
 A    9.9712902300269484       -2.3886889762832593        7.2004488501208659     
 A    9.5538286125086369       0.19235934126943255        8.6714741321533531     
 A    5.6882447955847475        19.768443362027590       -3.1460837965842576     
 A    4.8808332313565108        20.465656724982001      -0.34216647843991232     
 A    6.8922176533579922        22.157490960000001       -1.7885514991636655     
 A    11.396516459271499        16.482045976738398        31.364879558617837     
 A    10.340447133714671        13.911152912719844        32.494130118513048     
 A    11.932794935081439        13.890660097147645        29.951688669018409     
 A    25.568821505340988        22.240112334291599        13.938911705701472     
 A    23.710794716840077        23.147407338850591        11.765351172936073     
 A    24.468684280452415        20.252623349531241        11.979428412723227     
 A    28.334656526043570        13.591672858395905        16.178337598779269     
 A    27.851903302451678        16.436575132516033        16.998967560050012     
 A    29.402515213803582        15.838362230648851        14.501419958005897     
 A    20.239130277322246        26.447176047803037        5.5402753199106689     
 A    17.965256838400638        24.495247560048323        5.6797883289646833     
 A    17.780774010377868        27.118729845315912        7.1231548053234643     
 A    13.239257869244831        6.0516549326396305        18.180052806935336     
 A    15.938023109728967        6.9926703896124369        17.268356700791259     
 A    14.383963061217013        8.6031193660902154        19.266193395818874     
 A    9.9737218898006770        13.563706510383824        19.569193249687590     
 A    9.3806520978610646        12.761955138829970        22.398590357638092     
 A    11.786053486179949        11.645422008850678        20.995950727963432     
 A   -1.8864639560571632        12.602971331758031        2.7064754281746937     
 A   -4.3485403071527573        11.648934498260648        4.1305579179513634     
 A   -1.6808348996260951        10.434093111901992        4.7689216580269482     
 A    25.484130222569934        18.145787824322635        14.737930118909279     
 A    25.172217340227213        15.233856466718814        14.087274475698090     
 A    22.746765571825360        16.978520956915439        14.358068744714203     
 A    32.389385123494591       -4.3458489887463543        2.3926974158831471     
 A    32.775452074272117       -1.5260163135291493        1.4442072213903154     
 A    34.327411574998351       -2.5411585219362851        3.8023649779734749     
 A    2.1073734084380304        35.218860803721320        19.881850368424836     
 A    4.9969841154824524        35.826151873679258        20.412265846915517     
 A    2.8677270120530509        37.708508055931077        21.372994419752054     
 A    10.175584813447596        2.0813047482153380        3.1960453116354794     
 A    9.7460182905971653        4.7670109635958884        1.9299791908971424     
 A    10.871772056495931        4.5793421268884567        4.7044086577642874     
 A    24.980133939537737        11.542321070573026        31.972672573017064     
 A    24.399762262333624        9.7271323684463074        29.655819208493661     
 A    24.081835698858001        12.694786534159872        29.352584228406183     
 A    9.5403774369829186        28.433663987484366       -2.5325682111906938     
 A    11.504908281349799        26.371422833453970       -1.5904063496158267     
 A    12.366030104226729        28.483502211281866       -3.5391469449547577     
 A    18.316020381536323        25.730725030910577        16.739978500932622     
 A    17.364466910500511        22.892974047943582        16.535399173251594     
 A    17.592163522415756        24.208742800249123        19.221829303281130     
 A    31.255566069925266        42.252442223753647        19.215311788291292     
 A    33.539641245537645        41.225421253848673        20.867040733211464     
 A    30.872706107089122        39.856158209792930        20.979182088183592     
 A    27.039219225350468        11.598110880993362        23.619016111814322     
 A    25.481258916995372        10.132425657106673        21.515574880426627     
 A    27.518170622793015        12.184729676762615        20.716175785049092     
 A    23.391218895317540        22.592513562656354        20.574830580150866     
 A    24.939969936554157        24.616177181308757        22.157957926454941     
 A    26.185385667316073        21.973804293480836        21.474726501989384     
 A    7.7469906756752485        2.9961764741179922        6.0979033059540662     
 A    7.9128005748844625        3.4823254476097572        9.0536047803156805     
 A    7.4317203639785285        5.7760818580638658        7.1808412179751775     
 A    31.922586755322708        8.5846327591481799        7.2979530295710244     
 A    33.576499873441549        6.1100942569840146        6.9221451443950315     
 A    34.888650513674484        8.6818290285165993        7.7372776258306146     
 A    20.655184017971958        14.847209932261654        17.133253709431660     
 A    19.973625712573853        13.672590165774329        14.458229198200462     
 A    17.894719766204222        13.791656178789831        16.617852626186316     
 A    23.413098370379451        28.706633856121336        13.641019632298772     
 A    21.998897557549970        28.752203087166816        16.286428192515633     
 A    21.282035075637697        26.681178439667825        14.237778614941668     
 A    28.266537221517140        24.468051151394864        15.769794864220421     
 A    27.564122788997338        26.596153945887519        17.764233300647355     
 A    30.174035569330059        26.724227302718500        16.290478743622632     
 A    2.1521642170746574E-002   21.032602366190478        8.5749462936829577     
 A  -0.55282967372537983        20.195135645202260        5.7520131763102231     
 A   0.94685775493044599        22.737784105566117        6.2866873046570459     
 A    29.201155216057842        6.3182585276121470        8.5180164698737233     
 A    28.656817191465670        8.9878694453889612        9.7735235758810504     
 A    26.797992555007486        7.9072426141989931        7.6813915000763018     
 A    23.654501990164409        21.617704981970391       0.31923272341414849     
 A    22.858529789049705        24.401560482599848      -0.46600355932541654     
 A    24.651328147922893        22.793196599820405       -2.2545894993906246     
 A    34.806733422930982        10.629090696065276        26.260221614099169     
 A    33.706491344700709        12.333875487646013        28.470002282107448     
 A    34.726345338039899        13.612440572050668        25.955013384070618     
 A    15.477509993123492        9.6367443199377156        24.576382403083436     
 A    18.263032605743906        9.4197871527930790        25.668902182652129     
 A    16.783546684728499        12.024025596484066        25.839382498223177     
 A    15.470368491735368        3.9906676589900885        24.338090610597195     
 A    16.326942860188623        2.1399986222215093        22.137806258219950     
 A    13.633396066596957        1.8055650116287998        23.415679425225946     
 A    13.047168114280719        13.827613858731018        24.747334672251700     
 A    10.673432437139210        15.660498908449430        24.823504080074905     
 A    10.824135223338647        13.322680512533402        26.697508834075059     
 A    11.359212928202863        1.9136963256983441        20.528421652584782     
 A    10.676137172354617      -0.10223554447762402        22.642539065098930     
 A    12.951896246185283      -0.61830960959758785        20.757177508948850     
 A    1.6817355089054900        18.093661720760426        28.347682879562765     
 A   -6.6247742872491064E-002   17.891949184534070        25.917899200515823     
 A    2.8251267494231809        17.108764741133029        25.754878732730131     
 A    8.4665196869113792        17.546744785745684        9.8794930806927290     
 A    10.760241075723405        16.166537583629143        11.233702976242379     
 A    9.9632427319193013        18.932293024019277        12.079510568976186     
 A    2.0752489973583605        5.6716370845180260        43.644899623718956     
 A    5.0487910230092767        5.9905638536625112        43.407553658746146     
 A    3.7842604218690501        5.6822294276546588        46.110495064056046     
 A    31.440601789488881        7.0213215649867431        33.823719272014294     
 A    29.334340132248013        4.8938092952100423        33.630582583271689     
 A    30.204559774851294        5.9034311587208945        36.318217503856758     
 A    23.152146316907665        16.366695706831134        4.9335659425306444     
 A    26.044895159100637        15.584717283388985        4.7901183092058464     
 A    25.065495196090968        17.991406814778092        3.2905779756506490     
 A    5.2966547958759103        12.800644350608170        13.245725605215299     
 A    4.8964418221502219        10.350363371415842        11.561637977323912     
 A    4.1930497874265251        13.053752485222285        10.467596412811988     
 A    27.375107436104770       -1.3104817046742876        35.167310539541070     
 A    27.944478825873624       -3.3377498715146370        37.304039146776447     
 A    29.035491508699636       -3.7282667885285687        34.536876725909401     
 A    18.998426983064235        3.0220679665386458        29.595209698552086     
 A    21.050239410125968        3.6353518534295257        27.494283384161005     
 A    20.600923368087816       0.80144669667682789        28.370123927271461     
 A    25.839639598049398        4.8378983789882195       -3.7101422377642699     
 A    26.785365496564129        7.5218029731488745       -2.7603803197334096     
 A    24.949113914028633        5.8846438634816502       -1.0434382195164118     
 A    19.377159171591792        29.193200404980633        3.5066567003390250     
 A    17.021408136767114        29.715229879877306        1.7239783619167994     
 A    17.688084807410160        26.907893430967565        2.5451995741630267     
 A    25.936604091778992        19.149556456188350        8.2747179514680553     
 A    24.888644539492720        20.417726263025902        5.7660305254951663     
 A    27.585808242975837        19.104220084961334        5.7691089692458970     
 A   0.95656066940180096        30.181202699748081        14.207690656896025     
 A    7.2551101742357849E-002   29.734741144201891        17.039514900670440     
 A    2.2693868983995942        31.689140381832193        16.444337529886891     
 A    10.711963482473100        5.5259405447670504        21.157035191284901     
 A    11.450897040269622        7.5171262977371525        23.275800830375196     
 A    10.231879686045218        4.8871666287859092        24.048658404442165     
 A    23.866724965042518        26.012741728570461        19.288370924770060     
 A    24.641609435708293        25.173986587022426        16.514197183711964     
 A    26.085987901026233        24.035001921743874        18.884109583196498     
 A   -8.9531372648982117        17.936138928106484        7.8864690723144966     
 A   -8.1597523513468246        17.152870556750383        10.671611608717715     
 A   -6.7545492542361236        15.940417673933235        8.3146300086801883     
 A    17.802272536379725        6.6221953220257905        23.868077822754735     
 A    20.156444264300955        6.6026277794338721        22.008643686314880     
 A    17.525725030207933        7.7111326752952527        21.086400113694445     
 A    10.080188613799329        12.008354518268703        11.324536671529735     
 A    11.397910845988035        9.3265270980546795        11.591780318823901     
 A    11.392759213053495        10.738175729083570        8.9446646048302281     
 A    19.898565927658776        21.687263488215450        21.396435096399134     
 A    18.667359014645385        22.550336088056621        23.992430678213370     
 A    17.108554066238625        20.831095061085652        22.091289593473658     
 A    13.820611572365385       0.46631596655073104        15.765856834020331     
 A    11.701538442602482        2.4979171396070710        16.383929746634006     
 A    14.526263125157117        2.9551699960625304        17.284957100845602     
 A    23.104414160102930        33.939489338182327        6.3099700634305780     
 A    23.562927566969343        31.135765350994298        5.3463139664450932     
 A    25.608208331790781        32.478512830353438        7.0823599911747079     
 A    21.664148270233540        29.475404995451044        9.6326193947108170     
 A    21.351504791344869        31.512326393253907        11.812817323326859     
 A    20.906779598023590        32.297230080728873        8.9516731983581863     
 A    21.239005424712055        25.278826836281993        27.400256398431885     
 A    22.620180082335558        22.807995093314041        26.406598935307859     
 A    22.045203304546288        25.067197411720858        24.518370509100301     
 A    30.818565783334801      -0.49092877098557641        29.894189575426417     
 A    29.892276005278383       -1.8179895319858408        27.368147124713239     
 A    30.401738647965814       -3.4610467370286284        29.825953227046021     
 A    17.682820577015750        26.291607668870938        13.258698197413642     
 A    19.072535719904952        27.666585985055175        10.983199613893715     
 A    17.707716918734285        25.032764349291256        10.535702987101397     
 A    26.560129426819024        22.512502583707786        8.8254518841194631     
 A    26.127316783177822        25.369240029818720        8.0181606300074613     
 A    26.850189188450862        24.704611038046810        10.852895853797385     
 A    6.7861451838082116        14.224915161924880        31.890803141598223     
 A    6.2726133612215138        16.867148005457246        30.566152326824589     
 A    8.5369591384709658        15.135471447296256        29.631254204443941     
 A    6.6704037545758013        6.5743823231529657        1.7895986555271504     
 A    3.8181411845857354        6.3596533523614678        2.6943246283713642     
 A    5.7501440858449122        4.1418740338385556        3.2849342150377168     
 A    15.073517386269002        27.607703980780876        15.804062807505836     
 A    13.234801540055706        28.471753499445672        18.011436049886051     
 A    12.779283949199369        25.854386256653044        16.617918041098111     
 A    33.511341112668077        11.655400785668855        13.231345924615713     
 A    32.032270441190832        13.136807203001744        15.380229608483777     
 A    32.274580978011137        14.322822030140657        12.635297107739405     
 A    18.731138010945553        13.994793503995837        1.1472735601205637     
 A    18.570605415046511        13.795166583718650        4.1363215663311008     
 A    19.896107014895676        16.164706405467232        2.8602625778979345     
 A    13.587920655101192       -2.6127833436662633        6.3175134391367767     
 A    15.358969325708689      -0.20016841435437835        6.1110333611113603     
 A    13.475537248953867      -0.87410868404506503        3.8753034746581969     
 A    6.4791321053607733        8.8168427261611164        28.335785238657476     
 A    6.8814458775622693        10.347443750634078        30.884383063111354     
 A    4.1336688833899782        10.087104548142857        29.708821456908399     
 A    7.2714141782813320        5.5711365583408368        26.146212519181375     
 A    5.3749992946482630        7.0315036400619562        24.337636552780449     
 A    4.9700710252354821        4.1111633618653727        24.892294786501818     
 A    9.4338751421973850        9.3064167848434529        20.357936821906261     
 A    6.5816941379476495        8.7199263958043058        19.635915476318413     
 A    8.5489399460517514        9.4608417011055330        17.495591098788559     
 A    9.7194145291028686        27.677597175238322        22.444336807645854     
 A    10.026505894408576        27.870230350611735        19.466334457071802     
 A    12.424107865573037        27.342220417953854        21.190489409249903     
 A    35.968720894631858        22.579619555589407        12.908313354019144     
 A    37.997218942541195        22.814334166210145        15.106067111923476     
 A    36.145346351722878        20.455711192568863        15.019663548884921     
 A   -1.0431435076245470        16.107893139472345       -3.0968843599441209     
 A   -3.5409811678638849        14.453529158543706       -3.2515097722815915     
 A   -1.1769539385671104        13.458829376074126       -1.6952489965165409     
 A    24.109137114004184        10.130507424182886        5.6787023913715391     
 A    23.265349958937552        12.847374926570236        4.7265834284677286     
 A    25.018361744162359        12.583671346280639        7.1467921183634902     
 A    30.636794180177180        4.6435528924179188        18.066890021864388     
 A    28.809056620168629        2.3700388299105342        17.366541566945816     
 A    31.494910362952560        2.5958989015653073        16.049280430949477     
 A    28.813016515701360        15.630658697524742        24.350693761996258     
 A    30.126604565759902        13.540892001839378        22.645602590055514     
 A    30.146613590097335        13.269163001682411        25.633204134715033     
 A    5.7258982350580006        13.075715220218854        20.593131568408420     
 A    6.6051005732288681        12.157385993021169        17.875845275228539     
 A    3.6868400251510467        12.211990030706788        18.569223795763982     
 A    24.317220345809698        23.647225328250578        5.6046910875023945     
 A    21.354926871779981        23.212567009791488        5.4151986216182149     
 A    22.698918427502864        25.193992140240816        3.6075368306148063     
 A    7.2898665761520878        31.262312089496614        14.937039871742321     
 A    7.3934956107383867        28.752355979089774        16.576895147278140     
 A    6.3219299901647936        31.284678620369117        17.776515571212911     
 A    27.979299861458493        2.5961510808835273        13.210465370066188     
 A    30.775037454827451        2.0413537247117755        12.274493371204036     
 A    29.933194880869817        4.8516169905434934        12.901965647401866     
 A    18.250900014248000        2.9867937880623128        7.7712766214133131     
 A    19.755569399589309        5.1752225609879945        6.3760356999734897     
 A    16.812943042207749        4.8381859186434264        5.8992166329244187     
 A    13.997030445236641        21.863173863465086        20.496312936438294     
 A    14.670400959894769        24.624867460704120        21.455244606014482     
 A    12.202235999618704        23.247916780652847        22.461310485405232     
 A    9.8450347581659745        2.4976587473697518        27.564583040745745     
 A    11.217497014892118       -8.5381151132928879E-002   26.897881805325763     
 A    12.758899029695117        2.4879195008860631        26.850939466717328     
 A    17.964971649689229        17.969715903867762        16.570396508395152     
 A    17.983367540919431        18.420414851066344        19.536294306864203     
 A    20.525211311337653        18.679001173292590        17.963982836209635     
 A    22.027660058675199        21.196610168124202        8.1564678216771309     
 A    19.314047953220161        22.384879231575987        8.6301069419144412     
 A    19.573767901949154        19.762339729723610        7.1966383829646894     
 A    20.818596066909013        22.227338720372575        29.671341141450284     
 A    18.749460965921035        20.058642706627371        29.805635230817781     
 A    18.742117197741397        21.999581040396077        27.518124694486271     
 A    8.9570000392273883        20.063974894320207        25.814852428019577     
 A    10.855589321556872        18.837048070858966        27.787170079258019     
 A    10.950730598836643        21.786846743621403        27.248991737501118     
 A    18.140437700000909        1.7414376548977970        3.0557928178874927     
 A    16.305221405293867        2.4939927850954082       0.80509030823042793     
 A    18.686257549908337        4.2066214356992999        1.4356218167045995     
 A    16.761984484038475        30.432055167147222        18.329974767368828     
 A    16.474606041524158        28.488518187000519        20.597155592979853     
 A    19.167851432593817        28.970048587431695        19.366481900663480     
 A    30.842098881948775       0.46298035688675576        39.396954696973189     
 A    28.531980469429946      -0.93309162624124775        40.706343173987257     
 A    28.457430967424628        2.0393031270345370        40.307204347884309     
 A    4.0744433953218513        20.514111390881403        23.871769042084861     
 A    3.1843965521914717        19.671513751059138        21.133553544272988     
 A    5.0652438225147511        17.936502354518538        22.699487450794457     
 A    11.470733022382042       -2.2255609983478788        10.178190857296533     
 A    12.863600091916730       -2.7495159883936018        12.783091519957518     
 A    10.891240153615399      -0.49979892271173065        12.562706860129824     
 A    9.6058852280289564       -4.8470592330619180        1.8266378017894827     
 A    10.393109554453028       -2.4133970907727753        3.3942136006410935     
 A    7.7533271555251337       -3.7416012409781039        3.9113428124382401     
 A   0.13959813853832562        15.546958551936832        1.0154144313957003     
 A    2.4248620578493623        15.780309497660594      -0.91411260654975734     
 A    2.9594226527013063        15.644573679881415        2.0347551012692846     
 A   -2.2262005456169165        12.165898573814859        12.993379668742392     
 A   -3.6648581098565081        9.5336146853662793        13.029401919941096     
 A   -5.1727302758373472        12.074388519067684        13.549776647510367     
 A    4.7983896257063652        19.549477492597450        10.152285497817648     
 A    5.3659703952279116        22.343141770308524        9.2178057618048062     
 A    6.6996734909104356        20.013414471324161        7.8785497127385193     
 A    11.220718850130973        7.7727342697454596        5.9600004897404695     
 A    8.6252694358522728        9.0949778557255065        5.2420749477367545     
 A    11.173502947193469        10.677908839901058        5.2131704280613382     
 A    23.879616089759558        2.9688453514501614        12.923990522614323     
 A    24.662344628622321        3.2322801157809420        10.039912992264259     
 A    25.783991540537443       0.99986207585436682        11.700701329234898     
 A    5.0985867552378163        26.587175362273712        1.8715757295375881     
 A    6.9332731702239849        25.613682526438321      -0.29319987018967691     
 A    5.7576129802594833        23.667816054243399        1.6642032028498028     
 A    13.976443657528691       -4.5113071628818044        23.977462510943212     
 A    13.933988456457593       -7.1368242736872638        25.428280517491189     
 A    11.378955780262363       -5.6306138211343324        24.977572079316086     
 A    6.1664705485285696        25.985576210167650        21.618872361744689     
 A    5.6246690830479338        23.056657215950828        21.976480082322347     
 A    8.4507489601990748        24.059089072431718        21.884812743079433     
 A    2.3015688704373947        1.2471433230336579        28.816057138936586     
 A    2.3315426952790466        3.9133844390252159        27.441244568177044     
 A  -0.25543133311088639        2.7710429343637077        28.442554342135622     
 A  -0.77871138500366666        24.926347706386679        9.3231386512696535     
 A   0.70781293189212635        27.512399522737166        9.6432616834573537     
 A   -1.1115494295694093        27.109155135271450        7.2922375317885590     
 A    9.9766009191453353        9.8056195209274524       -4.1767411103098668     
 A    11.925781418866372        8.5661516383725917       -2.2624837672316773     
 A    9.6742512377850431        6.9290112023696375       -3.3806890420052911     
 A    28.534873836619049        25.820714776271053        21.827354721152318     
 A    29.139024295944392        23.260160261609332        23.269087770922759     
 A    29.041420666637549        23.306499723275486        20.271034037942115     
 A    37.949780525531537        25.503101260283326        41.721546089476867     
 A    37.223536131864805        25.100760174159927        38.838741108445575     
 A    39.069576297893377        27.331592271329388        39.623294395220839     
 A  -0.86619475931401402        21.462083692697536        1.0552490061260196     
 A  -0.54643529030706184        24.385595909059131       0.46293319129520250     
 A    3.4645153148563521E-002   22.351772263943516       -1.6644847034404771     
 A    24.889240140270001        27.535230027643816        33.295530053739462     
 A    26.371198084048636        25.001649212525333        32.675218229542665     
 A    27.079622280360109        27.542190458019860        31.245608024617855     
 A    12.992903467593775        9.5033331144075603        16.354836339070538     
 A    15.696133149726135        10.386787434499482        15.401182879727259     
 A    14.433489539939997        11.719389411467320        17.773924560915791     
 A    14.750788576427651        10.831527440899343        4.7390386416630541     
 A    16.826264601713291        9.7747761117846963        2.8480856387080640     
 A    16.747165633424345        8.8017446047097767        5.6848008234719183     
 A    1.3758637782332213        25.331679940226547        28.352298423895686     
 A    3.9375064122871786        23.777989187829970        28.507208425434726     
 A    3.0197100958821745        25.395781057172986        30.861013725179767     
 A    18.712351281277869        33.263314679934979        12.996322112318898     
 A    19.157213303554485        31.462206371876210        15.353893566826383     
 A    16.649289984816484        31.211441126451685        13.726798788080467     
 A    26.847221967126398        23.890841795134605        26.332910864687740     
 A    27.496551899492140        26.811493834341814        26.552402806273953     
 A    29.483491720090697        24.759980173105024        27.470750151824856     
 A    12.627570209895117        2.4039773798089517        8.8842939113755506     
 A    11.247944346516830        5.0422354121466348        8.5152901580009086     
 A    13.613108689509273        4.3349767593363238        6.8106544699638425     
 A    33.535608998650041        29.166622763036031        28.170964660397544     
 A    35.068402454793898        29.240315218103198        30.748774825923910     
 A    36.324879851935243        28.068486254963506        28.289490086060681     
 A    6.8793157847458364       0.98265459820919776        23.674791132754180     
 A    7.7424217036276586       -1.7684746530983215        24.503254154625779     
 A    6.4856858492189779        7.6478457543601677E-002   26.507440526143878     
 A   0.93263220331873165        23.492976482385593        22.857501919285550     
 A   0.80388495022212980        22.386015688991183        25.642854378347877     
 A    2.8791535489729529        24.434253413144667        24.937175649435549     
 A    17.681492938344821        26.086855191249079        23.173547381968575     
 A    16.772872720314361        28.612542829359015        24.513408879785668     
 A    19.582443154594497        28.386559836869573        23.486157371080083     
 A    8.5106456804033837        3.6126632452903684        16.284561784451185     
 A    10.165079194934622        6.0278526158438845        16.940045197429889     
 A    8.0427196687764848        5.1009494205451560        18.846990531807151     
 A    17.849246602152245       -7.5266054393414263       -1.0039340206907044     
 A    18.288459198845739       -5.4107287885559856       -3.0847410538421793     
 A    15.504447648314713       -6.0768799698849634       -2.1872321177858787     
 A    13.872663158934909        16.584465643794211        17.995981217437148     
 A    11.190047149000899        17.261124907121630        19.156070023035536     
 A    12.811024834857092        15.025895001912968        20.329176417606810     
 A    32.575099033534414        3.4426887701541151        8.9888388315459213     
 A    35.548479764877179        3.8397614479148219        9.0252625959266659     
 A    34.357925481634695        1.5642441971049648        7.4745847635032368     
 A    22.048262215960850       0.75934861726475211        34.017647162458012     
 A    22.653198503053336        2.9556065192985024        32.065586692231399     
 A    24.816251271098288        1.0508676030081971        32.898156439123262     
 A    11.199441239042185        16.736355755744150        7.0227100062342780     
 A    12.306437582092864        17.637837961573972        4.3841943105620240     
 A    11.515118554612753        19.664212350224208        6.4500164311896482     
 A    22.962535604651194        11.037996454301892        14.609032313720672     
 A    24.199774382617580        12.599352576305995        16.852122828786673     
 A    21.554371118994585        11.241633719725217        17.250169408093573     
 A    7.4927478072225000        25.640111678695565        17.943696983382889     
 A    9.4001189874680620        24.986101698503045        15.722382588085038     
 A    10.064575702823319        24.217416398070977        18.545079912018103     
 A    11.935910719890240        10.364431573327021        32.904977716630810     
 A    9.1108422188488944        10.606184940336291        33.884399833963435     
 A    9.9576396985000670        8.1833639611459521        32.331057459836288     
 A    15.895102767332999        12.166826864827911        21.478438583105149     
 A    16.230375415616951        14.961257902769852        22.516815037002647     
 A    17.489332934860418        14.167919616018228        19.911888871506058     
 A    23.226490604246660        29.524897583033599       -1.0396619397664475     
 A    20.291972896013693        29.600823611467874       -1.6583627938994441     
 A    21.300371463110970        27.941331464707968       0.62838558419524893     
 A    8.1688522741491454        18.328696706260150        33.731278859876689     
 A    8.1816295266825900        19.669084517184238        36.415159582390523     
 A    8.7978173397429362        21.254309353251056        33.943849242070094     
 A    14.210795925095985        7.8627726616047493        9.6867710283760911     
 A    16.596003022108736        6.0432563519861988        9.6737395827181185     
 A    16.253968841107248        8.0523108791157778        11.875264628262967     
 A    33.232318065327789        16.323571373244768        20.039516587054081     
 A    34.520327763928016        15.031155917137214        22.420828680720266     
 A    32.719576088534033        13.428366064451918        20.635231276009531     
 A    23.272210520742853      -0.92936337736287133        22.167920269301902     
 A    22.561723743272005       -3.7792996037975377        21.556668636909663     
 A    25.423471911773646       -3.0160148929800670        22.033946198045832     
 A    29.079920213784774        23.086543574000686        38.294466670329783     
 A    29.808927541416011        24.407413256744054        35.701470515844555     
 A    27.888479513354699        22.102761968334505        35.722960288990507     
 A    8.1538998804604930        25.313044641658955       -4.1598682247886947     
 A    6.1238822135877937        25.977532407341503       -6.2664018986294652     
 A    6.4746145884130177        23.138097205159291       -5.3638529890743047     
 A    11.640701372047440        21.902606020832941        10.374413240180592     
 A    10.173391234734959        22.300377920536032        12.960675488143066     
 A    8.7457471579375081        22.689172025119124        10.350949154936437     
 A    33.020522683248593        8.9395884245683828        16.793225034008483     
 A    34.881434217187795        6.9956305695913121        18.119140806091735     
 A    35.981775814704477        9.1728650702371883        16.373031331295806     
 A    2.3671115839205039        11.411515637662642        1.5935038019868419     
 A    2.7647062565790250        11.877182415144180        4.5303784997929641     
 A    4.5759213168990893        9.9982392967018772        3.0508269585905956     
 A    15.926762713426767       -2.4257551599905627       -2.9439307120962472     
 A    14.125470682370461       -1.6373225915203959      -0.67816811464487203     
 A    14.427745246430829       0.17059601670286839       -3.0530492472412436     
 A   -1.4680665981058116        7.1387082187496320        24.300774168107434     
 A   -3.4677687837434754        8.5618226314026646        26.025844700194270     
 A   -4.1108046256673214        7.9766694613239109        23.154590501464600     
 A    1.5887981840386205        36.150750796991062      -0.72885958021484121     
 A   0.44130745444239117        33.614739700344138       0.39003999765747610     
 A    3.4002664503457307        34.097547819249485       0.49708195629760427     
 A    29.947405516531049        20.888774332247948        16.496361368712375     
 A    32.896810397277548        20.650190471936938        16.002661958544660     
 A    31.825053467182045        20.474717281245638        18.799185915559399     
 A    20.077458982838220        6.9428725772927553        17.071932338945356     
 A    21.347481312944449        5.1022676699133394        15.072130095119881     
 A    18.368546613458818        5.4556059147926206        15.105298467592295     
 A    6.9710754884329855        13.869920066147216        26.799125406394815     
 A    6.6373924798690807        16.848498446192462        26.669801038737969     
 A    6.7076737262218256        15.235794496193563        24.141116298386748     
 A    19.866148744641421        23.061962621042337        33.337971848808500     
 A    20.680861823072370        20.376612887898471        34.398681489314939     
 A    18.127382967057660        21.645838418648125        35.330782494576987     
 A    17.304344981753438        19.234949146227819        26.399552133377600     
 A    17.940193323285232        17.143205984179527        24.345313443047097     
 A    20.144906159278246        18.372682916746605        25.966309366280637     
 A    22.967804068647990        7.0007306891805756        1.9194176928812077     
 A    25.558349118842465        6.1796445510280611        3.1901632938520366     
 A    23.136665735813612        4.4287667231928625        3.4545047858081031     
 A    14.595579794151908        25.355789095212131        5.8206776967636866     
 A    15.124693600689394        24.221152847095325        8.5469644434078127     
 A    12.900482921438195        26.194682728983587        8.1493884636965586     
 A    1.5113248757306708        7.6851433591778449        28.786536702653517     
 A  -0.86931347316483676        9.4055473030847789        28.175993954038148     
 A  -0.99942784118518779        7.4003880627989442        30.403639947548378     
 A  -0.37053109311758159        14.931069472974569        4.6774161116349173     
 A   -2.6126487809364316        16.500870245248148        3.4489716542006494     
 A   -2.5300960958195757        16.075006416083525        6.4174434922371937     
 A    15.306372487093505        14.622183421960575       -2.3256799929037086     
 A    14.114417484209694        16.339229109505162       -4.4776747213689099     
 A    15.735795292103074        17.591021475041355       -2.2858376202829680     
 A    23.791095045262448        30.855309623501689        26.602166594842767     
 A    22.889398252237143        28.439547854217341        25.068858794363290     
 A    24.075758108343944        28.122219172692045        27.805983709256285     
 A    28.173360875056328        19.693375438217878        13.427118976509927     
 A    27.785216646505358        17.726702338838152        11.195184493546247     
 A    28.682347245178722        20.524697988426613        10.589893626387369     
 A    17.921456085505405        17.182898564014366        11.330381116610301     
 A    17.486236552550217        20.098842083206403        10.775523444491919     
 A    20.266653244714202        18.972251212466144        10.784242842444499     
 A    8.6028674755100276        24.280165516093195        4.3335178806441332     
 A    10.730443256585639        25.853456070834639        5.7471002407259801     
 A    9.9484295115615833        23.140235781403359        6.7604561326164756     
 A    24.810683510203514        19.109300590551442        25.873528459363193     
 A    23.814911194569603        20.882171411860060        23.667773757565136     
 A    24.103291178893304        17.931915965334920        23.206438971428302     
 A    22.375250155577707        14.274291885287019        1.1705194526906961     
 A    21.023526972941980        15.501917627527927       -1.2097773182723037     
 A    20.972331008789485        12.527218517180039      -0.82436302668996497     
 A    28.358719291353335        33.286624048862528        22.025519652642974     
 A    26.082523437069383        35.203021630747628        22.407942061266883     
 A    28.478072101609186        35.340871970417076        24.208593021261645     
 A    17.584015163895344        10.704273346813057        9.0216968127568844     
 A    15.395888925666192        12.414516172988153        7.8871781893341133     
 A    14.974367417595053        10.963109496023110        10.478652340569239     
 A    5.5985987427292105        16.564683345255112        7.6464591951217500     
 A    4.9423461506295538        15.394901925255423        4.9630226493069589     
 A    2.7700820423661847        15.810706039165897        6.9899354700441103     
 A    4.7510659496134711        5.8240335112598762        29.622182541353734     
 A    7.3209723837004246        4.6432735719766001        30.622877827115762     
 A    5.3580978550504961        2.9258545531869520        29.140448908522085     
 A    21.726590518173033        13.523859278438422        7.7996448379245642     
 A    19.087822939313927        13.993428743179877        9.1474266047025790     
 A    19.902588228792364        15.691350499641260        6.8122137167149548     
 A   0.31197215643826814        32.000428789459754        21.734982495081130     
 A  -0.72230214861020348        29.416256578349003        20.615906918969440     
 A    2.0028443789523598        30.402576799921366        19.840827036737675     
 A    7.5227546907069121        30.373525292973543        32.334983989549997     
 A    8.1031126984443436        32.912012522574038        30.845355690411154     
 A    10.350568885566743        31.087145005733021        31.631993620524046     
 A    7.1692687208782457        11.866218797969807        4.4298086494379305     
 A    8.6227345389736740        12.445286921567686        6.9895181765666221     
 A    8.3171550035293258        14.594444604999701        4.9188317205173719     
 A    2.0508502228344461        11.838720271629745        8.3588424234373431     
 A  -0.45403351427998428        11.162012040408863        9.8646840067363630     
 A   0.31023373572100266        14.031344336573200        9.4371003952137151     
 A    12.455915163802930        16.719190115152614        14.065715805108459     
 A    15.020997242292596        15.432949950574598        14.940906196902880     
 A    12.810163390784417        13.751389818797733        13.807517823815841     
 A    4.3800170116304296        24.309560130187428        18.897636328296588     
 A    2.4069361371387665        26.547098348487076        19.213895212121933     
 A    4.4319175799416772        26.634298336101651        17.002143345732986     
 A    19.921748089849967        9.2797740056619382       -2.5327717140691410     
 A    21.465661604011586        7.0001666643016041       -1.3412417159918324     
 A    19.114169576547631        8.1483871551576037       0.12575349512077119     
 A    23.184783334203285        21.403151486713291        17.209946540472128     
 A    21.634904395689794        22.681053200432686        14.981745379201593     
 A    20.641232531567429        22.878161363109641        17.805530887867519     
 A    12.198557326226975        24.957908591703337        13.171916095698467     
 A    15.081896947336263        24.225586759729879        13.559227302892486     
 A    14.272037502540035        25.960109717044212        11.249344667291290     
 A   -4.4963183674510443        20.437969140474877        31.634094035441997     
 A   -4.8853797675025801        17.467781449195044        31.471179111909933     
 A   -2.1985542171718704        18.663401340063135        30.878337194658307     
 A    13.494931506052470        20.334892064511735        32.350337347738275     
 A    16.415767196459790        19.738295269069368        32.686170730620795     
 A    15.518539557407601        21.731984626915381        30.631861769378283     
 A   0.13933335215338211        2.4576065113922327        35.796547845329535     
 A   -2.7004711430754913        1.7036636126282316        36.402285858509984     
 A  -0.73545694295781505      -0.40259817307272699        35.564204428399492     
 A    14.817270691925502        20.948574076192443        5.0448262041844050     
 A    16.725282490101488        18.713780805339130        4.4405288172803452     
 A    16.079075287947443        19.405928328505922        7.2871668445081950     
 A    23.094499744790518        31.421416461646196        18.181025903911603     
 A    25.404564307171093        29.507448954715617        18.166209549237117     
 A    25.395186096992340        31.832557656279285        20.061936738278423     
 A    22.748624555675875        16.174784342657127        20.370304174059001     
 A    23.775951320348295        18.962962391418785        19.957211685099342     
 A    24.056441258015926        16.922491006529665        17.775973063966358     
 A    33.069235916320110        17.586671053706244        11.244579580800721     
 A    32.447909890637526        17.841935322012052        14.168403668294829     
 A    33.688307606882013        20.140288802430494        12.692265197620516     
 A   -5.1542810705679809        27.746375116217465        13.057021594625917     
 A   -3.9641145772797608        29.835371244926876        14.851801741851011     
 A   -2.4075476681107753        28.815783531880630        12.498603842668972     
 A    21.734425477741986        12.548393400715558        20.559758220751863     
 A    20.509313045609456        13.710802887221206        23.039262574365100     
 A    23.479644584512645        13.830652355507322        22.635819078981701     
 A    24.370593581478818        6.0318821515200041        20.663019680776408     
 A    23.849832920381822        6.5534465852078334        17.754963391579366     
 A    25.323751494184972        4.0790863906738117        18.594669093306102     
 A    13.819601675565682        18.574298813924738       -10.663591627041626     
 A    14.389726019292366        19.977666745315997       -8.0740994535467454     
 A    11.571237107970704        19.244032081983548       -8.7937524516126757     
 A    20.545261490947908        10.723133932129899        3.0940957415427470     
 A    19.922403630851871        10.901556881461355        6.0232740337003703     
 A    21.137162063862085        8.4000677595152240        4.8977012361979471     
 A    7.4695087500117019       -4.0052808226952843        13.382255546780371     
 A    7.8682302521999192       -2.3870900796029964        10.887688599455888     
 A    9.3472765638731303       -4.9716706073564563        11.251509301840628     
 A    21.530440817197043       0.82608435397964508        24.081389461900422     
 A    19.701985275954840        3.0969659687285436        23.374391323829514     
 A    18.952659272407434       0.28503490482435312        22.645313665227164     
 A    9.8190589092545650        5.7408330976974984        12.122267841311963     
 A    7.8545226879995393        6.2957367892069174        14.320483840080829     
 A    8.0161809731893463        8.1327782933435113        11.954232562019628     
 A    7.3821258481147130        20.033804447389461        20.927312934814442     
 A    8.1947696883877690        21.172812357733072        18.273590476848309     
 A    10.068389144280335        21.331515709668029        20.611188256746608     
 A    3.2862427015987490        28.071218514952793        22.140683845637689     
 A    4.2185866660544642        29.213023081693365        24.753537488576455     
 A    1.4389408255679799        28.112407567069205        24.504109161326376     
 A    19.898956533789253        32.882419241109616        18.745900024468153     
 A    19.527684101625830        35.808980719277599        19.291546817540084     
 A    21.619589851517460        34.258811107766711        20.781816762602798     
 A    24.557231014021113        5.9779221735385182        24.798952160023312     
 A    24.092039655873780        8.4840820495606337        26.380947302565541     
 A    21.762100293517555        6.9693999758422969        25.250849615058037     
 A   -2.4176224000727085        9.1146599217952531        16.725866370975055     
 A   -3.7774695830774889        8.1910806072431317        19.235408476299348     
 A   -5.4117099199581071        8.9665544073797943        16.842105547994354     
 A    5.5142508379439086       0.31167924727357449        12.069451885548075     
 A    2.6681269198891036       -3.6140579074508357E-002   11.187088669553427     
 A    3.5051175573649789        2.4762097108621006        12.596891029259712     
 A  -0.32613430582966119        25.774841936896383        12.793022751367021     
 A  -0.58840353619310548        22.998521868681046        13.899022163922245     
 A    2.0266608835000115        24.454251802278399        14.104663699845769     
 A    17.860857717737321        11.976127699981053        12.607672473502486     
 A    18.986517468232989        10.329981959060119        14.848888397691843     
 A    20.334278969097550        10.336170620632213        12.168683062765238     
 A    24.106243951501849        10.420670410403304        10.564165783290038     
 A    23.188974820079054        13.228163859196810        11.090095806422617     
 A    26.000316082864771        12.714790536053766        10.177512585424418     
 A    13.908093759431432        19.932027072970854        14.661170181354889     
 A    13.072153291620591        22.541162260444224        15.883140356739155     
 A    12.116093809695759        19.955752849185007        17.067035809603656     
 A    12.796271808931420        3.2757895825966434        11.822696423614120     
 A    15.470635416831355        3.6297369360625424        13.135134242357251     
 A    13.044464791298456        4.9634173554511589        14.290553055925114     
 A  -0.82442652955899187        1.0398842093786522        25.384982457692768     
 A    2.0442234613947243       0.73709304652233965        24.560852361139521     
 A   0.64039198409144393        3.3595728150758295        24.171163963998652     
 A    35.161450223326746        18.863623027195764        2.2626527270604102     
 A    33.927329463225199        21.388610005691412        3.3122869146770881     
 A    34.762209736861095        19.223844436117819        5.2140663334046788     
 A    23.128328941348457        5.9690152514563408        7.6284046999558193     
 A    21.344978271713405        7.6741195486031355        9.3349476860804739     
 A    21.381818370837738        4.6979129379714548        9.7102302701829473     
 A    28.043126598612250       0.67871295607913862       -2.3295727564344650     
 A    28.529634384240804        3.3359060371823674       -1.0247126303467129     
 A    28.477144040784946       0.83714289745552939       0.63463288384704519     
   31.600000000000001     
