   13.568053520598975        8.4555191572298121        27.049623780007590     
 -0.57610975457483637        4.2027034941754389        1.9564311769947116     
   10.661569919369883        7.7171828122266835        27.138282586779688     
  0.50257424543436813       -1.1694205780767877       -2.0895923973553905     
   11.669218690109096        9.5921419676802504        25.024240919385058     
 -0.19639004682504313        2.0612260380821135       0.36241253289834185     
   7.1323565365764043        19.945020216901611        12.426829830379088     
  0.51418267483714730       -2.2908274388970100       0.91024949065429328     
   5.5327900341482792        17.779046414739735        13.749502479534597     
   1.8268108705524162       -2.5627046802020068        2.0788197490574687     
   4.1446452267956433        19.909664390231203        12.157798663702920     
  0.59469177306205168       -4.8031963105916979        8.8328998596524988E-002
   15.490384762907626        27.102247274707896        19.122837155626573     
  0.34802765423129989        2.8727871521496882       -1.2939066613513972     
   13.558809206394352        25.465059313583112        17.511018690129987     
  0.97499361892170666        2.2567027057364868       -1.5577265423098297     
   16.475079837476205        25.468299111029701        16.807203265050685     
   1.4067121721674667        1.3867781955919933       0.17119962432073277     
   12.058989361950273      -0.98859436264180056        7.0472356479268878     
   1.9447540498940536       0.99435823639953347      -0.18436621655408458     
   13.023005165362399       -3.7914929500832879        7.5107817246399327     
   1.4559077906802931       0.95669402968016448       0.62629073559806236     
   14.695836356489176       -1.4640330594462949        8.3965392120283848     
   2.0167902237748287       0.92903825706315502      -0.34608176906316696     
   10.512543574680887        14.632868132343804       -1.0651555902357994     
 -0.56697946454627834       -4.3200449146064201       0.36379108972026519     
   13.506294989856759        14.451357384158442       -1.1254424759903554     
  0.47095921498838639        6.3153502826156442       0.98784745991519740     
   12.048151026713313        14.320875993431423        1.4931049832896262     
   9.2431457118838933E-003 -0.32206700188699439       0.56972454541949114     
   15.931753197919345        22.874926769205267        30.398829157312008     
   2.9938983384816558      -0.56056072726496942       0.55556186687980125     
   15.476348430340092        24.365455418751260        27.835232453593278     
  -1.6010363342069327        1.0781714945679515        2.2214236750577316     
   15.747458465662525        21.377876797583031        27.805678679723485     
   5.3288584774457552        1.5441476984717832      -0.87033892417953751     
   20.722144717863397        21.177978712995849        16.105862313354688     
 -0.46695902674317774       0.63625452883059475       -2.5047554359771516     
   19.741772594764232        18.354548105085467        16.357113221097116     
   1.0895488869540981       0.48686517359342368        2.7026161273225799     
   21.528684288992245        19.123989610859006        14.073496271397088     
  -3.4157061707505032       -1.4303603049551212       -1.6569018105783040     
   27.473805304552958        12.000849478802998        20.658335045543659     
  -1.8074295856307965       -1.7126097177546069      -0.59548484018083303     
   27.916699230522415        14.573847714572150        19.180845476785489     
  0.45289180044037008      -0.30813706502649074        2.4184525765290057     
   26.354744713175982        14.564889067032974        21.742137820322469     
   1.0286456667315176       -1.8203419082394341        2.7749974916175266     
   23.044450482492138        30.909059997733408        4.5286885648257966     
   2.4241849754025258       -9.9842075967309971E-002  -1.8605595146084015     
   25.066710951887405        33.118744577994477        4.3619682521904481     
   1.0575037375145757        1.5616256573720282        2.2864530535297800     
   25.641068716358706        30.681098695688970        6.0136328191626758     
   1.9662989002731381      -0.61065159614918318       -1.1312869187031724     
   3.1922638296470498      -0.16154267163122776        16.671497212735151     
 -0.20829271720953327      -0.82942804113452429        1.5040661684352523     
   2.7338578157032596        2.4339981302010951        18.104096545556519     
   3.3021564002937520       0.75982944274144149      -0.12957859760763735     
   5.4468698055972613        1.1543612786677904        18.149873771785156     
   1.8307810388895107       -2.4560521076173627       -9.0615127008056837E-002
   11.142932979183975        8.4394088874526592        11.588871425171467     
  -1.6465008098285268        2.6449424475772658        1.3665955057480204     
   9.9418056951439109        8.5198598125920348        8.8393099672931701     
 -0.65975678384979475      -0.47783835932706770       0.88083190082512597     
   11.439281443719800        6.0859359409947853        9.7523165678168091     
   3.2712026194934474        2.3915462189233665        2.3663266760432378     
   7.3528389044012226        12.952212064882550      -0.38664195065573703     
  -3.7896532860523253       0.83172049161945816      -0.13206417839025553     
   6.4182698544707630        10.103938492617484      -0.27002785634202936     
 -0.98112886267655497       -4.8340321005293944E-002   2.0234458136704130     
   5.6372579433426608        12.028646474760016        1.8945782484765221     
  -1.3858347417998840       0.35522716785944064        1.5212569108097140     
   25.264803246029850        11.749704898304184        13.292317915964995     
  -2.2741491189520433      -0.41550267047247036       0.28170134846926453     
   25.145155674234207        8.8830591380216219        12.415424321947444     
  -3.1797876680666213       0.10624855483691174       -1.3781037437005359     
   24.503329900679311        11.074656462494334        10.469926517246369     
  -2.6825135115205865        1.4294583162905738       -7.0631588960962555E-002
   33.551312336561843       -2.7224349810822974       0.99700597485685882     
  0.24377955493373712       -2.7431267368377483       0.34946820670756518     
   31.637549549692896       -4.4662897985829231      -0.51866281117943491     
  -1.2883410357258345      -0.77444483471237413       -2.4407824988100020E-002
   31.122738944399920       -1.5196824988441153      -0.28958757113361849     
   1.5567970554278607      -0.26087504999928068       0.12943270146817185     
   4.6355250322494168        34.774810376161312        12.191178263229544     
   1.8644937908902615       0.23089788889039209      -0.35688547028206818     
   4.7694711894059933        31.864629497955445        12.907168077871081     
  -2.6464427792608523      -0.55149278105890287       -2.3501554145670909     
   6.9259556213498392        33.095913709993653        11.223863534400213     
 -0.89888726352124548       -2.8105363453027876       -1.8139446740133400     
   14.419708110548912        14.135676023248886        4.3688145387379782     
   1.6473808697403174       -1.0057720676932516        1.8330057727412323     
   11.494407837555512        14.610012109197136        4.8337511130543245     
   1.4585489075006088      -0.85432951612060548       0.50436476749544190     
   12.692474434042941        11.925921339810690        5.4339957191128185     
  0.85767719850292967       -1.1886591880704778       0.21793278964629198     
   22.987235857035529        17.895328893640325        27.053675077977996     
  -4.9954803311597642      -0.81099008265888428       -4.2102764799174501     
   22.064745495941121        20.115745322740519        28.847699273315481     
 -0.82497290625534114       -1.2910236412195963       -1.3249760391432859     
   20.384496932305971        19.282846789089362        26.506108990118722     
  -3.8780941525071633        2.8530576361459996      -0.72289493834186969     
   6.3691186127720520        24.046044950211012        9.2651564566197351     
   1.0040045463143461       -1.1516329366982891      -0.97593830653860691     
   4.1555739233430451        25.670894091541818        10.473795345704621     
   3.2174639815493760        2.2342664284955038       -1.3379325981077206     
   3.7635243999469501        22.738996658363021        9.9735205513641585     
 -0.70865061408912056        2.5222067015704841      -0.28078328997310154     
   26.219835062776344        30.567849427406376        17.388474101460865     
   3.8946619265112328        1.2458101555973791      -0.86254513759336116     
   26.410059281562216        28.345723583472310        15.381733709288531     
 -0.16910958400142984        1.4040872465607213       -1.5048382318912616     
   27.052701820443868        31.160879839546091        14.568157702853151     
   2.5079636604922344       0.86091784217146339       -1.3616770737052573     
   23.059292138064343        35.529120723526084        15.555423010621226     
 -0.31267086412452860       -2.3789890546008263       0.46878625260400003     
   25.828092325607233        34.408250714692080        15.822159119955680     
  0.92750271972745435       0.75492866290522542       0.63544279668324111     
   25.394156017917783        37.374734698793695        15.930201708995382     
  -2.0972029862006996       0.46474064389471526       -2.0319025983554515     
   20.835124637462144        2.5692163888398367        27.196243820303902     
  0.96265530895003837       -8.0566998520062494E-002  -1.6905889852820786     
   23.642685275548100        1.9923920287892674        26.310454514433413     
  0.99948673453095249       0.21296523000504911       -1.7617435167864059     
   23.107200063585648        2.8488919894409874        29.135284329610723     
  0.80376744903006458       -1.3711291230835654       -1.3087958086910503     
   32.284156971533086        15.259268941655579        11.776408024991197     
  0.54456244285898536       -1.8656190864912023      -0.11741962243879554     
   30.764079652524053        17.845009672232212        11.834315920270459     
   1.4566967854811503       -1.3442821942027172       0.87666012133209181     
   30.060001728241264        15.735826210354466        9.8204590635306896     
  -1.0494897119433797       -1.4008420148546643        1.7768729112972277     
   4.6756891073818476        6.9965768302633267        5.6921747233526929     
  -1.4548203596221945      -0.10886225616635814       -1.3595576564702501     
   4.5461535614208657        7.6719203679591024        8.6125828651408582     
  -2.6096580595165371       -1.9232694292815375      -0.97227128850245703     
   2.0998279156702018        7.9499818802533841        6.8984729170199852     
  -1.8172994019530528      -0.43131197003347882       -1.8825632826398890     
   26.672869442938207        21.299069280077720       -2.7744004993062772     
 -0.70388754564323119      -0.98529116453706933       0.78758332542352960     
   29.259880864810437        20.636750612757584       -1.4074475319488544     
   1.9459745261274579        2.6886813460636270       -2.1623019769806575     
   29.014510239313296        23.158972966597922       -3.0131211440518033     
  -3.2779181057700573        1.9640168969263010       -2.6772019677216603     
   25.992109610334474        14.664506767863305        10.390193684955364     
   3.9445004919733866        2.3719686377225493        3.7339129630584669     
   26.199950031543750        17.095573248634143        12.135406002371935     
 -0.92483990706786290        2.4980196911304393        4.2756411995051931     
   23.953505697542361        15.148225183697729        12.537057402811515     
  -2.2633661114866417        2.5689016122767208       -1.8792078042689921     
   16.485898072643565        22.532006704392323        5.7186292050569580     
   1.9703590015584969        1.1287956435027453       0.31503988963469531     
   15.981475989363334        25.469986089649741        5.3788696699353311     
  -1.6084829379119034       0.40387025680076594       -1.0082561822104079     
   15.062607595918314        23.536967164093820        3.2766995072794800     
   3.5553469017946182       -1.4364100222048084       -1.7185442100123363     
   23.508670555242112        19.742445126340399        11.050862630206227     
   3.1210989130865006       -4.2901283741515126       0.89999398676014941     
   25.621092813097619        21.481798368096886        12.279958713749929     
  -1.1741299465684183        3.7358010903831018       -2.3212276724693583     
   22.721288494042213        22.052144573160799        12.795556268235911     
  -2.8130602004816878       -2.2390938415955719       -4.1221149556953067     
  -1.5083129919057028        22.345423710456551        4.4956026026444560     
 -0.37650196259334617        1.0002213420431705      -0.75626051686315809     
  -3.4392513030132141        20.107531391729239        5.0047324692265818     
 -0.17148537880975770        1.3293763822923819        1.5933629405047327     
  -3.7110647255278053        22.692794263319787        6.5022415725401421     
  0.66293703575896235        2.2371451123239110       0.20075627568700924     
   32.722194808416063       0.71351982640847800        11.271149415695284     
  -1.7026605998585675        1.2368547417684592       0.32962828383601722     
   30.122024272495739      -0.73998970806887587        11.626344714565663     
  -1.2738242958153765        1.1736942584606995        3.4949551679990614     
   32.475053388146840       -1.4309389682986797        13.354304001597763     
   1.9557939952013941       -1.1608382954891796       -1.5946247334138937     
   23.487028704421913        29.005268652778501       -2.6431721707990858     
  -3.8472579485362202E-002   5.2200362040137449E-002  0.64951224738449664     
   21.912383944132610        30.382078812834333       -4.7944360432287327     
  -1.0930316020196014        1.0275158628319512        2.0182006344993648     
   21.587509262693089        31.215167856538287       -1.9307986192784015     
   2.4173454546994959        1.6920553056086860        2.2679110617106479     
   31.601351015342466        15.449909432445837        24.940138022904872     
 -0.99487333945619560      -0.77556685788678270        1.8325301550712827     
   30.660751915331694        18.057933101704474        26.086007091416437     
  0.64125443855555808       0.88119888378032341      -0.50354099679418596     
   28.808899766694093        16.404675288001958        24.401553955995297     
  0.13986106983640978        1.3767984362796464      -0.44171420494026065     
   19.818891456790173        14.826174589339960        29.024374586618709     
 -0.10555880450467535      -0.20809539981797839       -2.6444384789769200     
   19.592044586048139        11.840459349460462        29.207217537917128     
  -1.2053862426278530      -0.10254055676265328       -2.2209306328741278     
   17.311983942994182        13.575192891936208        30.097174325738845     
  0.84109440751871978       0.97518954207971709        1.1058581136813332     
   13.219028563403590        6.4951271581133554        23.908286817960953     
  -4.0711574134373674       0.28936797872673448       -1.2118254676435105     
   15.775152175441207        5.1716770629823721        23.062904807704289     
  -2.3076391245791266        2.1005418114247827        1.1507130781665249     
   13.910184084565881        6.2899318558456141        20.996168185773069     
 -0.17079612811742328        2.6381808068625943      -0.52367213102860699     
   13.804386512639200        9.3423264060445508        33.032689274000383     
  0.93569447160674357       0.49172081623822855       -1.0478092316626175     
   14.757215890593933        10.706822022055468        30.535168832479680     
  -1.4759684458518043        1.0021693491833454       -1.7856422235913665     
   13.811039919201090        7.8621487776570582        30.422980586478424     
 -0.34696219172467724       0.59404692961145245       -1.1264418964349450     
   9.1910561862816404        4.0333814257127649        14.762287515000352     
  0.25199353847879979        1.6835550231353462      -0.87706165444938522     
   7.4534883656825537        5.4923408070079685        12.799402635971962     
 -0.25737251457863336       0.57834042264091523       -1.2527758527662660     
   9.5309674971680280        3.5628626178218985        11.818997423007165     
  -1.1129539870123295      -0.64371532476745652      -0.68666513465936396     
   5.0280086211313186        11.861940234272499        27.928449381679009     
 -0.71287782773981689       -4.0405903307330959        4.4395920866200473     
   3.1466085316535524        12.526869924943025        25.690511811757226     
   5.1760059885907603      -0.69979545576291158       0.14409386133131807     
   2.4603336833205773        13.302340702247896        28.506124147086918     
   1.1054423337548580        2.1735874682817187       -1.5411783687126555     
   6.3596193663719198        22.000109291035688        15.348844420871355     
  -1.7123477895482706        1.8204716434707158        1.4028496361226741     
   6.3720399891158150        24.999063315698134        15.272621340484715     
  -4.0260420298334432E-002   1.7754306359402001       -2.1417558555666805     
   5.6714358990095173        23.439046150341664        12.807768210033155     
  0.82422788563115690      -0.76200701239947444      -0.81778520989834835     
   3.3842763554530766        2.8823273183788705        37.003206814895620     
 -0.27827763610246375       0.64679317480674070      -0.50195359185922372     
   3.5539597037098045        2.5075055968697622        34.031592203300193     
  0.73830288254435172       0.27274610714259140      -0.40070838743284609     
  0.97060512412737754        3.3697554512584680        35.289687748224246     
 -0.21198066133802801       -1.3669316413436121       -1.1946765330295459     
   24.475492908370942        8.7054503602364779        34.107264927681278     
  -1.2033309513531771       -2.3213226366414568       -1.2191765176121818     
   22.134019719956090        8.9529413828492039        35.966497944788301     
  0.93609396155942448        2.5219040375849464        1.0047284547722217     
   21.706618252351703        9.0283029259262602        32.998055700596815     
  -2.2157152632405106       -2.3908000243673828        1.2188837298288280     
   18.959851125065374        15.664678459478882        7.6351735898762945     
  -1.2967732940981076        3.3565677331299777E-003  0.83054004939349424     
   20.271064364662109        17.849637648562766        9.2179526389006341     
   1.2589042488301854      -0.90581595115468583        2.1145578323210623E-002
   21.711278594420484        16.606387220812866        6.8984459352985281     
  -1.1656884606786482       -1.7803494469489252       -1.0491504205972353     
   8.6350993568064638        14.206321269708777        19.239674057427955     
 -0.46557644720322011       -3.0393956224607228       -1.1618986142308718     
   7.4501970086341123        16.200254400061933        21.142261879587419     
   3.4576698589414336       -1.7827731403839895        6.0246034634926719E-002
   6.3362547197029100        13.418422679132656        20.998926796262921     
 -0.61574518671713063      -0.21501675557800870       -3.9457504399621035E-002
   29.103557389218977        3.9454564512143540E-002   22.010578226985082     
   5.3137156734345892        3.3145650132923148       -3.1596984536356429     
   26.823938188227153        1.9094657002898392        21.457669723406159     
 -0.76770753835943262       -2.8771453347789042      -0.51074163787140381     
   27.664998180356928        1.3648037442952714        24.285382875926565     
   2.5825592064284106       -2.3949658539073941       -1.3712178853987662     
   17.917316278115344       0.26748488716213376        30.849172984560056     
  0.15265736672248753       0.51187569749049111       -2.7426465011107437     
   16.773086216377660        2.2376429534980495        28.897033044831783     
  -1.6169993965275897        3.0981627625454871       0.79208578928029627     
   19.093843886542839        3.0184153998410923        30.630376132719327     
   1.0891531228400355       0.22622627857673921       -1.4194630616725901     
   31.982568102681370        12.857699474925022       0.28577118226009623     
   3.4994301875927780        2.1060867501506224       0.11702371426898356     
   34.048355693161341        10.836013519493658        1.0882196557720176     
  0.20868479511817603       -1.2186143501191111       0.48595896728032201     
   31.734599587499709        10.013290858277351      -0.63505052261859152     
  -1.0358452289826781        2.3456655340212706       0.37249264504734592     
   15.939501672075727        30.110954016009099        2.3605472903168674     
  -1.6760363276469132       -3.5340687593095499E-002  -2.2172813641365741     
   14.610096113500218        31.844072510966477        4.4169246148812400     
  -1.7568014242065031        3.4746860585684658E-002  -2.3286395450547195     
   15.080674804744136        28.935966228977385        4.9839110071197563     
 -0.37415697799418152       0.39355327459640099       -1.5902426636526736     
   29.894388353164860        26.021393304499050        8.3020523558060688     
   2.8774426155923840       -3.2144401659803563       -2.9064684972347097     
   30.685069241244001        26.902448065788285        11.058537178079435     
   3.6997182294704403      -0.52948215338008631       -3.9642484330055598     
   29.531120428570290        24.166399541832014        10.631405767036476     
  -1.1882635255492058       0.79499328977593919      -0.17880298210093282     
  -1.8393331607700840        35.534605309668443        16.874358719039115     
   1.6706546559403233        2.4890337256333672       -1.7581206077593758     
 -0.78590038087992786        34.611723375523560        19.527480245396227     
  0.92243690401605749        3.1252424581611478       -1.2345363669174014     
  -3.2582147769738423        33.360411483496037        18.377749755517371     
   1.1334551934170138        2.9876381416491387       -1.5398991551909300     
   10.373705353983055        5.6159373821033771        20.838568508164396     
   3.2328680868018078       -1.2475079950232146        1.5873706706078585     
   10.640922305332948        3.0223294611146829        19.355009638100693     
 -0.60526607822930278       -1.6370208932217885        1.4778163129580060     
   8.6617502103687762        5.0800530911933706        18.433786729146821     
 -0.96212005712198190      -0.65529472519632548        4.3367879340639259     
   26.176813399737579        17.478456345810436        7.3490849191606626     
  0.29669684367857502       0.23535567678339639        1.4276048225987785     
   25.561251090645239        17.972321517142184        4.4546952957219315     
   3.4677776989853242       -3.0390432456031569E-002  0.67071566763505841     
   24.367854564828367        19.739416561345497        6.5649512481926564     
  -1.1556698995245498       -1.5673811463331682      -0.53748567406943248     
   2.7869848853350865        10.792052413933432        8.3907301429372616     
  0.26848062061216649      -0.50549590700152980       -2.7819449206900631     
   4.9996207394372707        12.815085145791947        8.5001131640583498     
 -0.72123105554849809       0.45610551236207553       0.78394859761513669     
   3.5697732525873187        12.294213107798207        5.9147256696417436     
   2.6642469982949737       0.87081481872146493       -1.2326650641908632     
   17.255631083009373        7.8020779013920212        26.827845234301666     
 -0.47438693830655482       0.32395452512181655       0.56736757473708066     
   18.767240273850511        9.3364702584645034        24.739796780003530     
 -0.54007048572116678       -2.4834676167673768       -1.6067028613363075     
   15.925477661232259        8.5178043657408260        24.235642122174006     
  -2.2990344115072525        1.2237313996583663        1.7329478510657172     
   13.457145953085043        16.951062702972933        16.611090177791855     
  -1.6336730309344267       0.13880127132834660       0.87098827681808011     
   10.578657703199692        16.627829999520895        17.391365508836746     
  -1.9691757743160725       -1.1024310687083096      -0.82047106069715270     
   12.562197519960202        14.476061321694567        18.051260607369802     
  -1.5189767816669577      -0.47211872355599022      -0.10147015563389904     
   21.934771413114614        13.881303958097277        23.746518585722860     
  0.10414169777835935       -2.3736341543699901        1.7779405086339346     
   22.457023366941456        14.648730202901900        26.599124516582709     
   1.1389016836796368      -0.93802408911086321        1.2134527525404222     
   24.581521839746056        15.062405861010806        24.521775382259065     
  0.54463977536063313       -2.3689373100600317       0.30522597507430044     
   13.178835483960421        3.2654265971233594        7.9068475292335396     
  0.75752203453230160      -0.46453447995165464       0.11801284423409529     
   10.964481082808202        1.6323941488513616        9.1022618941746085     
  -7.0792711727234878E-002  -2.5547009323582257       -4.0724090618435769     
   10.319452280260029        3.9556234500192491        7.3171726893670437     
   1.1398960561828602        1.0167557000472192       -3.2838985711356905E-002
   24.169304856758256        26.562880533666508        3.1728475065293527     
   2.2078198104609177      -0.57036862655334852       -1.8653809259283971     
   22.673212983532867        25.254069344129942       0.92585662880633424     
  -1.0509873783535826      -0.59568831752151308       0.24422144870954360     
   21.430806148231980        27.535139600277592        2.4269043433493058     
   1.9173037862262146       0.73158807920104862       0.75624498107689075     
   22.618898368163268        32.096508952651206        12.884985588512901     
  0.13211040326667822       0.28576122706264506      -0.31886126775128448     
   23.390822042278760        29.609299929249104        14.374031198550114     
   1.1245553902630314        1.1508561426592694       0.65641586883325098     
   24.487023640165074        30.114354274854243        11.627531214030675     
  -1.8586139735731364       -1.1593350797635122       -1.0211399372910970     
   30.253208267658003        30.433477262282736        16.712599303649540     
  -1.5497866080485172       -2.8926481744695920E-002  -1.0087954546983851     
   31.865339981610052        28.723017377314811        18.576971656449885     
  0.40497621596693634       0.99279237277734900       -1.7686124316802849     
   29.035504812656644        29.440113719718788        19.268206770266328     
 -0.87077310361187132       -3.5185999615995041       -1.9925055908026945     
   17.874103146117641       -5.7803663552291509        24.392111499176014     
  -1.4306464294533829       0.68696598344485338        2.1319834803917503     
   18.493621987402580       -2.8556745569853716        24.642960633958335     
   2.2625177950563651       0.36813000043674821       -2.0473031382269551     
   15.873910361624612       -3.7396431298368262        23.478610782146916     
  0.86608778079915805        1.9628612820892102      -0.18452859567707725     
   19.437043083432371        24.933263322217066        11.732675814982811     
  -1.2743531825136112      -0.73294284967947909       0.49231645357048681     
   21.701793340550555        26.798401468524169        11.106151286211027     
  0.27003980050139481       -2.6059540722873442       0.40169982240272384     
   18.935362528463187        27.883304071654056        11.518276237667767     
   1.1328308144708188      -0.31044706015467360       0.29662902124782853     
   19.028270829015486        27.573196596049932        7.6852009875456746     
  0.18154748373344054       -6.3843107154155185E-002  -4.2796045959115570E-002
   19.727710102543448        24.775398071805423        8.5106937180756077     
   1.8897826592391875        1.6847900897018488        4.7223532680128582     
   21.792762944328373        26.513619699260907        7.2014410079676869     
  0.31900692125167396       0.22908277471159177       0.11497268488891699     
   15.106744410306359        11.860294838095873        24.602074212060188     
   4.5875865901456052       -2.3061067325674318        1.7840053101266555     
   15.384410646182939        11.797097063879438        27.588422962145188     
   2.4627310388812385       -3.4435610823272356        1.9911636560265655     
   14.202148503145358        14.203507002320981        26.242522730575367     
  0.60232256910566728       -4.1541769276909912        2.3245510601113897     
   18.907452562342979        11.032411881181304        4.1152204656851632     
  0.70606658270651512      -0.33304198909691274       -1.6646447265331177     
   16.308026770028480        11.251507369597196        2.6333517079996671     
 -0.14234690912498404       -1.9709924880767709      -0.44722806890478040     
   16.318261035035636        10.536548420128655        5.5468940665473765     
   1.4259545585892366        2.5824116053627457       0.74914762311751593     
   14.035982965989527        30.189626216334677        13.971930468891035     
   3.0935304483348256        1.3856052448894660        1.6042208260512041     
   12.834564123578966        31.602445262043961        11.616247368128899     
   1.0852178284027951      -0.81835762355985675        1.3775534106232237     
   15.814012700295372        31.337111542821074        11.845341843451843     
   1.4015650888741098        1.4717994981251827       0.20872562869885744     
   30.193429605509333        11.951338646146123        8.1598717515206687     
  -4.3752100036446127      -0.15103087131136361       -2.6860172746046307     
   30.739560776928794        11.360255795843416        5.2694958921816095     
  -1.2719920946577508        1.8574540794358996       -2.5569138054605820     
   30.912159142251348        14.178563592550327        6.2830791863796094     
  0.14124982547053255       0.85567803886687366        8.6454757391072556E-002
   24.259645978309322        17.236351519290935       0.51233861941559944     
   2.2173534741241916       0.55336212594078615       0.59596907239097840     
   22.842360850298185        19.253467522128549        2.2209263241207502     
  0.67451566565984167       -1.0694851800092742        1.2232187345638925     
   21.904472824940875        16.404235196601380        2.1735802985939694     
  -3.0721579851017422E-002 -0.83423674871881193       -3.1853032911931103     
   14.676975466006780        20.245392444626379        12.145288707302193     
  -1.0333632399124622       -1.8207955976501846        2.4938555135571413E-002
   14.143567892875531        19.952529829091095        9.2073400536033869     
   1.2467453278531375      -0.79391257823080130      -0.51292486747094923     
   11.934675866171446        20.788690484016008        11.057105303749175     
  -5.9044494328842845E-002 -0.87201327126591732       -2.0154710231463744     
   20.244971077810419        12.330731255573992        18.079503865495465     
   3.2625786174873737      -0.12306191559499047       0.48041502486825521     
   18.069166733215539        14.354458502670543        17.670890573239351     
   1.9226163599531036       -2.0535371741064647       -2.3092691514755264     
   19.984373034686598        14.653021935766423        19.960616497467388     
   1.3965781235616543        2.0184049596649278       -2.3266076651039156     
   3.5598096866427036        4.9757745449866970        20.984724344532605     
   3.3017900774984454        4.1425221956703391       -2.8463920649467669     
   5.8346055489364099        6.7495096572526094        21.809580089504518     
   5.5148589493816180      -0.36230172916026648        1.2375432549395358     
   6.3864815775453545        4.0005270975684706        20.742561932022703     
   2.0008831462357102       -1.1468935979469732        1.3198725354821366     
   4.5222474436029980        11.423898968905227        22.540608742154394     
  -1.3247265569005795        2.6907314102195916        2.6694125614460078     
   6.1568082848330459        9.5523731109880305        24.220287187593719     
   1.2516629723233275      -0.85012969932593252       -3.4521792005440077     
   6.7339372329728642        12.496061977970742        24.260515978372847     
   3.5638758167790843       -1.2971008526770820      -0.83298353834516092     
   11.514932278836632        29.336560204101332        16.534072827982349     
 -0.70422636168903341       -2.4688483149571443       -1.2961832390640597     
   10.511099194910583        27.344545324071181        18.540120511860628     
 -0.51554894801848594      -0.91796923403645925       0.36450743501383376     
   10.467215929020931        30.274294190408735        19.184050611807013     
   3.4501116891606274      -0.67838629434104136      -0.20513315345804292     
   26.319597178605861        14.938525730348228        15.430035792359098     
  0.87353223672512437       -2.0785384134190137        3.2459544580579973E-002
   28.564873050507380        16.913355593594581        15.188544268461511     
  0.67455517175765944       -1.8156867826832113       0.29442448391265752     
   28.520263863295025        14.472495434954896        13.444923901515445     
   1.8610534359785249       -2.5134851588664922        1.2250795088193553     
   2.8426398619634274        30.117729817200431       -3.4754739050964227     
  0.73247884404098873        1.2535405828892876       -1.6776706084348656     
   2.3885301306181423        32.049275181239835       -1.2254728814478097     
   2.0864858273651192       -1.4288017656263730       0.96949097170874088     
   2.7862934233723515        33.067437559014820       -4.0192391210108545     
 -0.90067885313031482        1.8900156030818354        1.6805303087458261     
   28.505164682469857        14.325721964157102        4.1221790458812988     
  0.81444727153099450       -2.8892549250030597       -1.6486732016425365     
   29.451351555173620        16.609257657667197        2.4172037652089786     
  0.89652142902823240       -1.1943530157165432       0.54647676983542814     
   26.946990394905139        15.127516694201518        1.6873958705053653     
 -0.72463754055404150        1.4315703665544552       0.64746181312209450     
   33.418019644437230        5.8067903884351608        15.955245409986036     
 -0.51670551519992847      -0.50012043853064903      -0.84977213914121219     
   34.579896486649076        8.5328943839219136        15.488004952735198     
   1.3080271116881130       -2.0109820077203526       -3.3135212938604353     
   36.299233841185611        6.3399432998619609        16.599240600926684     
 -0.25964012131481917       -1.9802514614059807      -0.74588059822619224     
   22.256192492911993        15.665728492390954        15.717313640296725     
   2.4827029509593634       -1.7027327157966565       0.38310442795818989     
   24.361769114357188        17.775580183743205        16.055840473118430     
 -0.58869121745158526        1.7204607090881963       -1.1476847740769678     
   22.828874751686747        16.790293676962875        18.438999172781376     
 -0.58062981009479397        2.7633645400973879      -0.70594136036519550     
   7.7190156570943111        5.9687152564786059        29.207956165768099     
   1.7589486803146706       0.87611159895520041       -2.0488143040982814     
   8.2221189458871304        3.0150115514081146        29.341816401548225     
   1.8763572836510232        1.0314635471956513        2.5257483267816014     
   5.5816831824517594        4.0436107974781930        28.356888195913260     
   1.7749486179914520      -0.57741023035797601        1.0694713940738856     
   26.626703494763849        23.958993379500139        7.9179916082669791E-002
  0.83578892534560423      -0.27849520795785487      -0.58005157511486216     
   26.805160019171819        23.391050031441999        3.0195848761569817     
   3.8714604174499683       0.18983953360027783      -0.64670075072279620     
   26.779020874835009        21.125638940229141        1.0530576249188526     
  -3.9322674568043925      -0.45279662777558904      -0.11587352891452644     
   7.7779891236256917        29.250071324847418        14.982871267723427     
  -3.6608195807337940       0.54806017837238219       -1.2638052306946228     
   9.6951878607196633        31.007351086656627        13.488100667418923     
  -3.7665488338422641E-002  -1.8522502169153752       0.43968952190257010     
   8.2522302242445473        32.068700715288045        15.894635642537500     
   1.0328371540511314      -0.74091808916963853       0.60144035327450496     
   31.623955328648616        1.8683572706397269        14.185198786673967     
   1.1239383793668813        1.3505696688598234      -0.49418875843016846     
   28.908687739124055        2.5535018647434700        13.108813988392438     
 -0.80638072191927923       -3.7549195015914592       0.83346473294142587     
   30.956162909455582        4.7112653763715100        13.498560264711294     
  -4.4456693431158367       0.11235512864717789      -0.67651177158079123     
   21.575757529001081        13.225755748697891        7.0593891044175816     
  0.96049429636809658       0.55969329614735253       -1.9615487255234660     
   21.289178089310258        12.400561166313999        9.9296788490122001     
  -5.5966884680808642        4.6878287570779351       -1.2148563433047157     
   19.785373789249498        10.931920980600388        7.7891955728771558     
  -1.2874427801149286        2.0842593559610934       -2.5831265099164393     
   20.430104713058920        25.592491400442011        27.222757099040081     
  -1.8203915349058171      -0.64323164157397006       0.98749263293307199     
   18.976127192683009        22.968801587104359        27.262086083619902     
  -1.3011905078739319      -0.93913296528473578        1.3666194471394666     
   19.602798174661540        24.375131278514509        29.836871565832197     
  -1.1325089710667207      -0.67257345098221233        1.1804848243749353     
   12.687527077426283        1.3560430656192151        21.983583518663060     
  -4.6424474362588182        1.6023318909572204       0.43316486603733967     
   12.627450062340325      -0.16056032001163234        24.571015116972280     
  0.43160403121414820        1.8323969526836688       0.78523409899118679     
   12.598670250779772       -1.6426711697219876        21.962851142234097     
 -0.61464112723343811        1.4211404782116177        1.0254110890357531     
   16.093212908192989        19.558345927771075        19.675715283400400     
   2.6733654514382863       -1.9528629537672426E-002  0.86379419237541211     
   14.871621995455961        22.213289605652619        18.997775542292718     
   2.8188248670514704      -0.78706385432280512       -2.5572123131107807     
   13.109433174462955        19.858264670081709        19.588155294304581     
   2.6922703448619072       0.12055312383559191       0.90246650676153173     
   7.1417202208815622        21.126266848869086        7.7569365258100236     
   1.2010535893030543        1.7088406733616577        1.3253023790252842     
   7.3729208135945763        23.526186730348602        5.9725285261409002     
  -1.8137298473893750       0.53911511080986196      -0.74185713865909353     
   5.9264321036496295        21.078736534644570        5.0145838546975057     
 -0.83348213986560304       -1.2541145918696388        2.2240713491499204     
   14.789828169002481        18.156941057271794        36.799295864444616     
  -4.2091097271895954        2.3630344381966211        3.2679984358995720     
   14.027368705556183        18.880739101315982        33.989701132183200     
  0.86267824813361871       0.57497231370420265        1.2586505718895613     
   11.906294551649582        18.584364107578796        36.090464398702565     
  -2.9315476029896348        2.7009705131716997       -2.1276976635118419     
   10.551321992027933        14.217492322340506        26.085830633400835     
   1.4699170993047947       0.50399648713979772        1.1380092938122717     
   9.7116570001036298        16.704810958342215        24.636294437645894     
  -1.3596549935618756       -2.1409524071391841       -1.8102950046394657     
   12.192768715391285        15.243660110381871        23.794199803489899     
   2.7316016641270440        1.8807246447017427        2.6398215317988529     
   20.089476532699262        13.320960441874400        1.3418112773649795     
 -0.46271885162537235       -1.4256051276715922       0.16184457099061189     
   19.140753558479098        14.367976446049138        3.9888168997544025     
 -0.32545106855043660        2.8674005194096104       -1.4049354061652404     
   21.831851435494791        13.060273455500564        3.7699444241333380     
  -3.0300705679116162       -3.7013348563425224        1.8096839609347481     
   8.7913733511846299        28.767038930494522        23.051191713828842     
   1.4788872480683917       0.62467678319061948      -0.74932844876663041     
   10.851857015237405        27.105139542738790        24.462791647837886     
   1.5387859747105808        1.0353057255278904      -0.32895141359689495     
   7.9462796792352917        26.782614434631217        25.136288438068203     
   1.3994255290718389       -5.9262033823651354E-002  -1.4186518642528738     
   27.082007171112068      -0.18251139001099881        32.129030073310574     
 -0.91072654525795138      -0.15286739077300074       0.38482358706837733     
   24.342326398871226       -1.3588013404828265        32.461968132827053     
  -7.1743455715825855E-002  -1.9198001149514192        1.1897353204013346     
   26.448414761805353       -1.8502259849523599        34.541125169647380     
  0.95204063110714310      -0.83100478137826994       0.42360281880765388     
 -0.25157366590694380        22.542077544714616        20.837058528550219     
   1.9621929444589998        1.1273685662699675        1.9008966642323850     
  0.25223044418057139        25.420130245283541        20.156696115725190     
   1.6066787162819396       0.77773133107765990       0.11743618535332878     
   1.9701756668615504        23.272563540454300        18.958104656194259     
  0.84244716733970193       0.13483354231731948       0.16562817229981142     
   13.418838632672969        5.5123351068989175        17.431658416570013     
  -2.3663124499426100       -2.8081458601870720E-002  -8.9097204385907944E-002
   13.481520572539063        6.1267768065437389        14.496571388183060     
   3.2590860844648044       0.18680225723956334       -2.2735482752627597E-002
   12.608297471609948        3.4171922121267575        15.442950729962250     
   5.1110244416491337       -1.2104938742375813       -2.2072517065096875     
   14.671061083891335        6.3499757506421917        11.513374048066298     
 -0.21269548560582272        2.2054110466231962       0.92502322077100629     
   17.287450334501724        7.7562574775284254        11.098900703614884     
   1.0931739625460026      -0.16414073360726311        1.0369877512101733     
   16.500193211941145        6.8315217609640460        13.842090488330339     
   1.5552601896889235       -2.1174593997050266       0.52676856608604483     
   9.4099930714020346        16.120185255735649        2.1603039154081860     
  0.78670273461599327       0.14474485260091807        3.7447872324950757     
   7.8676134926652841        18.471243901888979        3.2070985365815972     
 -0.64012377542236165      -0.58715598358829235        3.3132401211037372     
   6.4503790238180478        16.296108033554127        1.7036920442728025     
   1.4823377390096297       0.88904717726095306      -0.99103571456826545     
   1.0142218864908494        16.609508043221005        15.191175131704171     
   5.6437756909363497       0.51866587443165768        3.7699469085215709     
  0.18624298503961578        13.879533731493398        16.111183578849868     
  -5.4070313863107018E-002  0.30075673299457639       -1.4584086441464372     
 -0.30311200328761417        16.264125629897404        17.864538675933861     
  -3.6915491512414733      -0.99927906836521629      -0.61639527039942754     
   2.2032990339404996        20.707800096682032        6.0789267320240530     
  -2.5713166014139084      -0.91563063094164010       -1.1349008012135713     
   1.2849059113091323        23.145036361776235        7.5667648644372738     
  -1.0156394845612799       -1.0324789850879563        4.1078437683207063E-002
  -3.5548808056048320E-002   20.497644545168740        8.0644759693615224     
 -0.87572671131622670      -0.96136776383068612       0.80268281618095016     
   9.4132569222495857        8.7567648032974148        18.863739669754118     
   1.8117002160232305       -1.6565159218785324        2.4714271518456754     
   7.4891553606130792        7.8544497029733069        16.746444167032976     
  0.11708989613325814       0.83451448232340342        2.9059211559168618     
   10.444508152658605        7.6505829885362751        16.272811147015126     
 -0.24443287490719356       0.29390756934208939       0.77829721156809151     
   20.997516819285408       0.90595595810865814        2.0275608014545887     
  0.12349829297957804       -1.2918663582587100        1.1101958642767347     
   21.049832406586159        3.9034513808854805        2.1386039480503549     
  -4.0930444385779392       -1.1157540648382875        4.5736600108645775E-002
   23.476802765145756        2.3935201306218077        1.2276030909965996     
  -1.1600159062855115        1.8138441506253358        2.7358148050364868     
  0.45307873801504300        19.033762174627064        3.4213362228164979     
  -2.9074480425380242      -0.91178845676874321       0.78838115676045439     
   3.3645699043780635        18.316332457393784        3.5065157730727812     
  -1.3641258527127400        4.2530797982182689       -1.0947208221752995     
   1.3578600058097736        16.325394807714090        2.5018850359826463     
   1.7404327933838450        1.4173761913445864       -1.8580517110388535     
   13.827283761294320       -2.9966524745604177        26.072300849681298     
   1.8006196611761527      -0.22584856216882204       0.98889193993860935     
   14.599907138086659       -3.2141628377328408        28.962939599342281     
  0.45720025983710871       -1.0845050397488891        1.2937754543230331     
   15.123214457808972      -0.67248025883253038        27.457615992439877     
   3.3682951055956858       -1.4595517800610196        1.6146189250023713     
   11.541352278100467        24.952566569329772        21.973336673716808     
   1.4452320695614020        2.3769859603259040        5.4806504527159570     
   10.040576695487971        23.569769696996573        24.172852828721112     
 -0.12301500806266741        1.0270133130040267        3.6236192030543255     
   11.631459467735201        21.962521163507056        22.201598327598997     
   1.8094762974504985        2.2771573368032527        4.1357177877858931     
  -2.6563519546443022        14.886218898029284        27.697318505941674     
  0.92099044716259504        2.2634985989750542      -0.60721961852835360     
  -2.0730324967436657        12.537144622149970        25.924598949628152     
  -1.5861675926988621        2.3060078039460805       -1.5295455616438849     
  -2.0864832148906047        12.199977892858033        28.905561509798137     
 -0.31314021949081128        1.5476699359026831       -1.6021940357100548     
   3.8188094014680551        30.325762402833643        10.200135683728320     
  -2.4196349325498341       -1.2571212480177258       0.46180825532727382     
   4.1607708805181867        31.034448512478022        7.3049892392129099     
   1.9514561694411932      -0.51289788794743663        1.0910325536140080     
   6.2402107513591742        29.383017736756685        8.7009499535361190     
  0.54651132365051269       0.23268734801488078        4.1510882994322236     
   11.222361477840376        4.3615663775875246       -5.4570202773841405     
   1.2414214404584676E-002   2.6143028283382863       -1.3399564472391357     
   12.680506447601058        4.5765205249482106       -2.8439837176067795     
  0.12125455849177001       0.60275172471888527       -1.2229578967651580     
   13.238021155812939        2.2766625366462057       -4.6878468757231513     
  -1.5488997378654175       0.82591143199362738       -2.0251816573419172     
   25.752174679081186        22.225332611107124        18.953567346559723     
   1.2020367758068793        1.1293259434096172        2.5764383774340085     
   25.179086824530476        23.905097571088479        16.532901127993679     
   2.2190758324170763       0.13837304851728446        1.6282733988192422     
   27.939451543559109        23.856286561278058        17.706785687972157     
   1.8335462561920124       0.26724718675178583        2.5488251680664327     
   31.774505876521310        29.231350169648938        39.016087707178883     
  0.94845373776866504       -3.3381206731981188E-002   1.1996818999548724     
   33.313233063575645        28.003079951891294        36.753105675894659     
  0.48115104520729934       0.68429600470869945       0.50753313921644905     
   31.118573471875258        29.967201435084622        36.182406976242476     
  -2.0120452345386903       -1.7828305635574522        1.3755832580738803     
   7.8207226624449042        21.131143140716322       -6.7079896963422048     
 -0.15563820235438874        1.4076462950749624        1.2360659505979936     
   5.2391686752713520        21.209458255638982       -5.1819188355573607     
  0.27147637074147540       0.27964540625993778        2.1338781234290103     
   7.4836346274455687        23.051900675910456       -4.4284079452173843     
 -0.65056159824567150        2.0500655282146609       0.63410997317654161     
   28.395676072997613        26.339585334843335        35.719159366945583     
  -1.8266092530141800      -0.15484378064070503      -0.20680082891679241     
   28.806753067720400        27.631029800955737        33.042670108422556     
 -0.36759680095121489       0.88061135762144616       0.50348983737323161     
   30.024938261725794        24.950427993418135        33.617474055771609     
 -0.27738520536851752       0.87642491190533789       0.29369292922603929     
   17.370179303298897        6.0341813388231973        30.638689768172988     
   1.0768376192909450        1.6993545274632955      -0.78494376400775456     
   17.477646566897292        7.9665640280469798        32.932892630499111     
 -0.46869788577962757        1.3204057484117353      -0.29343506767253075     
   16.685139256818381        5.1128245022259335        33.410494307976926     
  0.17182551713925065       0.97932914402310789       -1.2388127096831241     
   1.6337078480436431        4.8442677040873443        10.586534580449600     
  -2.5501440914856590       0.48545665734909277        2.5535416000946030     
   1.4870351491923117        7.8390129252948997        10.491223601621083     
   3.6539130974686738       0.85170946439169071      -0.67094566094901786     
   3.2529587048830138        6.4871705725559936        12.504687363806957     
   1.1782323145540798      -0.68991813621425047       0.51454160990489661     
   4.6455291378647461        15.621926870946803        29.637677672352225     
 -0.83900596358676449       0.86369024221749613        1.4332735858701511     
   6.4244320200388287        15.238220034685629        27.253132099452586     
  -3.2889771592378820       -1.0212999028712444      -0.34126588997906593     
   3.7371236223697162        16.531347259708340        26.927254301012113     
  -2.4884862438233832        1.3643348332807701        2.1407813088784073     
   18.659720812028571        37.872775969935667        19.310150157931986     
 -0.21139042564149135        3.1491293739104225       0.19514277280135925     
   20.257731008512277        37.217479979533870        16.860438574753655     
   1.3655753773172388        2.1852277162494587        1.5025569391786284     
   18.186663780728210        35.290328383060043        17.858821088327289     
   4.7703895545876689      -0.20247160823941709        4.2029285357053636     
   26.195253229427447        25.450656998733166        9.2543206704388332     
  -1.0919589424179568       -5.1940600316982666E-002  -3.1558013921528096     
   23.605772495419373        24.206298103312434        10.118599393732433     
  -1.6588946013964680        2.7143212268754833      -0.71000575515124364     
   25.707307287740512        24.865031917232177        12.155661460336525     
   1.5871394064634325      -0.72886566700289501       -2.8136906119375240     
   17.196807767650256        1.6188833210476974        2.4448688675561701     
 -0.64826863058282735      -0.57892462893381746       0.55117299602943548     
   16.121915185003939        3.1691632203209226        4.7797564889273207     
  0.63330252785052443       -1.0432610765705361        1.4556304919425347     
   18.835123711492063        1.8995027267645592        4.9424275351413351     
  0.40868155040570592       -1.7299992148922996        3.7607016070809185E-003
   27.156565674026105        23.860406342332457        24.115871451460780     
 -0.16967488515143178        2.3143130964650722       0.79978177335491052     
   29.699093208955500        25.154471551294336        23.188436472606057     
 -0.42016677454257767        1.4786576274638306       -1.1044871870496609     
   27.396201332790930        24.842343803264125        21.291263503115889     
  -1.4988976625861008        1.0966085417809017       0.25120028312703480     
   4.1318378253499555       -5.8588721378211295        22.208426052738965     
   1.7697885597786791      -0.71804048913095098       -2.4089196066712084     
   2.6920375506473841       -3.4407074642879425        21.169680211020694     
   1.2455275017293126      -0.96656543436413322       -2.2676658624737360     
   5.0354552691095371       -4.5534448706702904        19.662958981571933     
   3.3061336790840117        1.3403185984925445      -0.84341966089667109     
  -7.5256527868634464        23.567786017440085        28.381425987106287     
  -1.5586662182828563        2.7156914624502666      -0.16843243258145787     
  -6.9535856667558500        26.139932915469956        29.816643388575546     
 -0.76863598930484445        3.7928073894605596       -2.3148744713795333     
  -7.6638476033045837        26.174130481498125        26.902135096355327     
  -1.0042890044025516        1.5494380055140031       -2.3012217108888531     
   19.860224378718609        27.400840192166072        30.776760834639298     
 -0.61454630083055717       -2.3139584885272670        2.6510656915307682     
   17.114805371507558        28.478805027863100        31.317991556930664     
 -0.60467688719751866       -1.1145874340381874        9.7527959561848995E-002
   17.799707217704185        27.418141330947559        28.596612795913774     
   4.1907757473033325E-002  -5.6906543918550998        1.9526568221384177     
   9.4224493734666979       -5.5147626211174021        8.9497865198441087     
   5.0467897195469728E-002   1.6277503181786419       -1.9482402470241675     
   9.8371810385878629       -2.7252539221472909        9.9745018092738267     
  -2.8656271572002350        1.9755940474813114       -1.6167738158100184     
   7.6903442518825056       -4.4547423637367007        11.157701809796867     
  -5.8202440470181853E-002  -1.0055636966077781      -0.73211973249800089     
   9.9055478384235283       -4.8615385870873604        4.6200713272661602     
 -0.29957241673808543        3.0404681116409544      -0.18844314138566909     
   11.573134177684997       -2.9898883196710271        2.9720262270996871     
  -1.5215789911800308       0.44241621391588032       -4.5449468472722812     
   12.583506867461624       -5.7448372794068145        3.5960480993420059     
  -1.5236522836247708        1.0461706380098323       -1.7446108381521628     
   17.071556742060668        15.597239143962129        23.569237061550137     
  -1.9073174892667533      -0.88832763273675286       -3.0477525833478065     
   18.458324983311186        13.133817039028772        24.573273018931644     
 -0.62185688005763340        6.2131999819464039E-002  -2.4650631674557251     
   19.095297513153330        15.808327092998629        25.773798729133663     
  -1.1448251811402139       0.83885434367482037       -3.8936528590356825     
   28.191296872448593        8.5523979511945463        1.8773699186247061     
  -3.2162704564610416        2.4744087569035305       0.31884643422405923     
   29.966580215488680        6.3671859284630088       0.84096078943931429     
  -2.8056937513051885        3.4966884435399259       -1.1377187454598792     
   28.903817512215785        6.2340784717579618        3.6432487866720420     
   1.1258492238411804        3.8068223678755846       0.43234141672165793     
   11.948714828056131       -8.2353211051392758        30.928867087422365     
  0.43802478813822843       -1.5531729877836318       -9.6256931559337566E-002
   10.246080767378860       -6.3170090932320075        32.485112283275477     
   1.0128493896526056      -0.24268209360369483       -1.0612771449976623     
   13.108020048189749       -5.6412654513099403        31.891248408925257     
   1.0650482463474564       -1.1594414990363717       -1.8783228158360568     
   8.7067222868407654        17.478650488235580        9.8286472160095748     
  -2.1473350869047074       -5.7974496360332799E-002  -3.0806974403942076     
   10.577923551345824        19.297750789900764        8.3489587682812978     
 -0.62058380402918267       -1.3029522524155199       -2.7099446221995955     
   8.3187302428602798        17.964326106063126        6.8936153310330646     
  -1.3667002652930118       0.38144666461357990       -3.1194846322292951     
   33.216407609474778        9.5907658144146648        27.074137266864472     
  0.39171475991138660       0.33652452482862083       -1.3134827344665436     
   35.577255518041511        7.9033479366018158        26.313477293672676     
  0.55274553753594569       0.62948861567571557       -1.4693476341675791     
   32.823122947898035        6.7139274040317458        26.319209661775254     
  0.60859982651215283       0.49458282724376507       -2.0335880352640343     
   14.430232701248769        31.091996244584756        18.663941088088929     
  0.13763178167070000       -2.2785061292496467       -2.7036475191452198     
   14.466620014556405        34.086462793427245        18.489940290556106     
  -1.0447635292500701       -2.0224407172998222       0.72284522727025058     
   15.129548415615439        32.435704467238324        16.074257484181626     
   5.2710609582204180       0.98388136945943250       0.19802175184728285     
   8.3983601817473694        8.0113134807174813        35.920942456540018     
   1.8233808605629711       0.12947006586533738       0.17331428798788107     
   7.8122419909645942        7.7147724605881178        32.993689415991106     
  -2.0669909904852477       -1.1659328560279278        1.0191961600756532     
   9.0670522706209571        10.237353651801596        34.024240386274315     
  -3.0318538430578776       0.35240605561914096       -1.4328424402328859     
   23.636564745607131        12.090447014763960        16.557678808911778     
   1.0805748993124662        1.3138353569069956       -1.0627558567992388     
   26.365513374602401        10.930165296641944        17.010569136002292     
   1.2942291864334365        1.1226846224137934       -2.7793662125394394     
   24.176648161509945        9.2181634810964095        15.880118281415545     
 -0.23488586998088198       0.60396913068078895       0.82876890276856729     
   17.359630102114323        32.410225589185352        8.8458446506468871     
  0.30069359077217639       -3.6576468076963131E-003  -3.5144616882699693     
   20.003103913358068        31.104518904797867        8.2914596258708055     
  0.99569661709562818      -0.52399625243384218       0.69162201884930652     
   19.599464392677081        32.657812474379263        10.826090627415944     
  -1.9328479248184947        1.8275572413872134       -1.1468575231106040     
   6.1611286885904581        25.382496148969956        34.793303075457224     
  0.57761838898578943       -2.4111259276811796      -0.78966799829361145     
   3.3205563625761707        26.014647052230703        34.063696795245974     
  0.79440418433648408       -2.7383004525701047       -1.9160869075175204     
   4.0601044516614735        25.525904821493057        36.929739350442119     
 -0.74667403101131513       -4.9671258747978229       -1.8728848554231308     
   8.6819754460504708        9.9011791218632794        22.349663653436469     
 -0.13692602698573819        1.0897633704771066       -1.3557550868631203     
   11.429363826703646        10.608327930604940        21.373764283726040     
  -1.7105044339519534E-002   3.4376394332859102       0.59350913993762655     
   9.7199498025584763        12.695728322980187        22.685504859205839     
  -2.3228541219308214        1.7218771185220030       0.38237916304924235     
   24.315117759498371        20.866454650669837        25.862047629941038     
   1.1365879481072321       -2.2198176228871689       0.15866691763802798     
   26.959611446413106        19.652144662996662        25.131844557575157     
 -0.10954657010906166       -5.6321480784644500        1.1427271376970896     
   24.429282243184051        18.562573269597141        23.944297062947921     
  -1.1653826374062115       -2.9459125031501912       0.85697354832694628     
   20.822811323141519        9.8936480718941979        21.621640915371270     
 -0.75041692764816637      -0.70682822927780908        1.8791579127061229     
   23.633307921296460        10.835658975148069        22.083954146379117     
 -0.79940985298849032        2.2984379606824277       -3.1939762198740684     
   22.939310299339887        7.9419601305959198        22.464578125142960     
   1.7588369613700787        2.3260697603883194        2.7948448790715217     
   19.685245327886442        23.844773558040860        36.547166982321457     
  -8.9283825284639073E-002 -0.79619007019102983        2.0824512144727811     
   19.551950375860066        20.864725381485837        36.227806199435349     
   1.3844580909148472      -0.76793130729182291        1.1220700003767312     
   19.521083631027803        22.635822046941943        33.806594913224522     
  -3.5418620109090617       0.21346680775661664        1.7966667737020134     
   8.4978170763831553        22.108568697173315        1.6923680842486966     
  0.77400282993770553       -1.1798001318832383        2.8703393870722675     
   7.3807837249936261        20.468288318951327      -0.55617145538224977     
 -0.89825531161314554      -0.82157015670495614        3.4129076071997542     
   10.169208586855627        19.962143693336920       0.42795483936654699     
  0.11830787006434516      -0.49187402116241796       0.78396475159084944     
   10.718380045009619        23.437683713478258        7.7750720613584692     
   1.6944640498187007        2.6792815226547924       -3.3001805473312249     
   13.056640726906563        22.328957811736949        6.2576895410764264     
   2.7302029406807615        1.5877031958394294      -0.96155594196118932     
   13.507846407822992        24.267693220823755        8.5021759312249170     
   1.6033783897103644      -0.57016477031754986        1.1756389182168412     
   39.384912074368955        12.077842136013441        5.3623059493314811     
   2.9959771910968676       -1.3382115065276832       -2.8255166404364145     
   38.594317081828144        9.8562910238618553        7.2164668884788004     
   3.0831279873848967       -9.4044463004778311E-002  -1.2791345308749500     
   37.202135729014302        10.174764595307842        4.5782087234732627     
   1.1335516029393957      -0.30800628125751983      -0.29444984572560939     
   5.5411777779657081        18.654838610182399       -2.9173178940553233     
  0.37529766234502698        2.1624277014197886      -0.42259062332987252     
   8.3506462940002226        19.121472930915836       -3.8520038386283701     
   1.4004453102560255       -1.2813028776258570       0.84577693563201262     
   7.8116910000789979        17.165904249335902       -1.6417372018956642     
  -2.0374180619844875      -0.88649763665975945       0.41182466283672547     
   8.4180979995615779      -0.12025765649667225       -5.0910908232452670     
  -1.6865859179369009        1.3817319438151447        3.3678264377574489     
   10.746087174213118       0.20382682397570775       -3.2269734132612711     
   1.9180403490478228       -3.8309472949857954        4.5684388640079752E-002
   10.417685947541729       -2.3362390777964457       -4.7890930806574099     
  -5.7463294136715986       -2.9716053952455859      -0.12132316891984529     
   1.3570865980870170        7.5906858768816097        19.323136280727574     
  -2.2972601569998652       -1.8762159650169048       -4.8864077697714503E-003
  0.30590636892846995        5.8816714148768625        21.553383927461951     
  -3.5996698780458664E-002  -1.6263692713345852        1.2833783727294872     
   1.9644167812363613        8.3034491075017218        22.173332413702507     
  0.46773741375787248       -1.4538660011504250      -0.67186426312065939     
   5.4279313451540911        29.929137410881413        2.9447441196935382     
 -0.49236457176806453       0.10797645138853661       0.17521289770609932     
   6.6940186759505709        31.938161934844661        4.7779547007089258     
  0.14850888428247283       0.10802398516192468      -0.26487502498443977     
   7.5803591754187076        29.073027634253702        4.8514870281408999     
 -0.70937235431353107      -0.14653319373610030       0.31138452162876779     
   35.187219126868413        12.697767025206936        18.461518678955837     
  0.29621110960346581       -2.2650798486583605      -0.25381881749956120     
   36.842632496259689        11.987652045917800        16.062510272481759     
 -0.45619252425816009       -1.0530004966100144       -1.1441034736867388     
   36.499993354983765        10.005862650037447        18.288517744224006     
   1.4130367277403133       -1.6590186965831966       -1.3783201824928635     
   17.684925591205079        4.2394894814399393        11.141303300245761     
   1.0126273484118089        3.0844288594586646        1.0769456449106038     
   17.670007524015315        2.9818660188139758        13.864929035450158     
  -1.1367078526286498        1.8032035946965277       0.49774980376870420     
   20.105952136801612        4.4437401777515788        12.901031831051709     
  0.26963986844379795       0.76773962268607931        2.4117836487428552     
   10.782317163153756        11.187261906486638        28.345735268486052     
   2.0007097581884552       -2.4823063359849051      -0.47038453980584854     
   9.6327434816481006        9.4236301419528772        30.482972908247813     
 -0.13578987723978397      -0.15142771773723107       0.35290299432346689     
   8.0134727716429968        10.073292299534602        28.042501311188690     
  0.69690843213398390       0.53256102837739860       -2.2853393815435826E-002
   16.731534055334681        17.534526386563048        43.226939010597619     
  -1.1562552942578894       -1.0383326494006286        1.2100362111271232     
   18.056462829485469        14.886711476188490        42.737360784690111     
  -1.6818383946073281      -0.88733533841340895       -1.4749069247064970     
   18.508784184038507        16.334872646079869        45.325455790090579     
  -2.3088540190912719       -4.1051462192421164       0.49166822245621811     
   21.087064390238574        6.2941113273436828        27.956788308264287     
  -1.4661775276204003      -0.79544099168308779       0.54888707977119200     
   22.798239796717052        7.4769737448444440        30.118636222597299     
  0.34508338011775214        1.6885781733636052       -2.1668291785671969     
   19.927497419876055        8.3071557490726953        29.854749243828650     
 -0.85654056828169212       -1.1192099148751138        1.2707531731689379     
   16.853303542494736        7.1020794432520260        4.8598505060970831     
  0.20880813916408034      -0.36919871948417360        2.4721427057555516     
   19.727360217246098        6.3517222762336054        4.4389015314169082     
  0.16487309401889538      -0.14416503832738631        1.7696504603694763     
   18.826996732283522        7.4093165666751570        7.0980066814638754     
  0.73718501061694719      -0.20668582410897415        1.9897254862182341     
   15.018788761396975        27.112185657491683        13.442912035110082     
   2.1617147983856850        2.9337543469881022       -1.4083486152598468     
   15.851430551532712        25.903913417123377        10.826327669645886     
 -0.72335752549149990       -1.7571849468798773      -0.33665642618958769     
   13.233661115197783        27.353013776878750        11.044023590686679     
   1.2488133900798415        2.0057809617669022      -0.82955554366519413     
   4.3502095541843113        19.776687017131540        22.555864784049700     
  -1.1993867707944392       -1.2512594456929882        9.3868031830836474E-002
   2.2540449854276217        18.553438057926979        24.319597474017552     
 -0.44128084942694640       0.19102072274861870        2.0329968908588318     
   1.6081322914935259        19.229449050661298        21.469017537709437     
  -1.9888999404543464       -1.2278290154518423        2.0317293908482124     
   8.2765356879185052        13.720742430709159        9.4170059948586058     
  -1.9975827204863947       -1.0038838473587914       0.98236704479143733     
   10.659159771899837        12.086563076226511        8.6070576691617582     
  -1.1543047956209580      -0.31976060186094857        2.0427329678458639     
   10.527120006740665        14.999023527619364        7.8998519246619940     
  -2.6241437289583489      -0.81352125986628632       0.20179995835149644     
   17.632677936830611        23.252010373054624        14.313087508269842     
   2.6691915480183366       -1.3812217538088034       -4.5360900219509004E-002
   16.302841036785068        20.896281268621003        15.607128994175431     
   1.0630361059828208        1.3701206727913078        3.5155737438082673     
   14.666593028661385        23.264699034852640        14.762564163579409     
   2.9620006696463488        2.2552621208257055        2.2477621003447275     
   37.434736636174961        30.320866326016745        20.381133897279049     
  -1.7948239197625449       -1.9377747743137184      -0.64645699731322392     
   39.073030708150100        32.239285344735080        22.004780711611605     
 -0.98597802425201919      -0.37896822062225421       -3.2415288822598605     
   36.275208320576297        31.565434508419255        22.852197379474472     
 -0.78942182842687769       0.86763663250154310       -1.5486911992085817     
   30.054232177558035        26.202827169833395        16.413590317889923     
   1.5534133129599725       -1.8492833293897506       -1.0731558333779161     
   28.899320039605374        25.065415360851308        13.888663453212363     
  -3.9420105771135918        9.6430015953845150E-002  0.42936325594263319     
   29.620759667654220        27.973880532516720        14.031335306698541     
  0.44080689217482755      -0.89044762456703175      -0.17458307175694474     
   9.7572505198496611        19.799602946168374        18.374327820183790     
  -2.8018373340960285       0.57039172336749966       -1.9718383522467271     
   11.564219550124076        21.817828104964651        17.085325601222024     
  -1.9952839067919037       0.73006026758301568      -0.60393445782550026     
   9.9463673642411248        19.950072350128806        15.384136957321667     
  0.38839934922980646      -0.24573072910946325       -1.8476037258516507     
   2.0482216369579107        14.631766715944149        8.5981260878880121     
  -1.3208689453065781       0.48448101065867916       -1.5010139584050832     
   4.0054478278345771        16.572253848814562        7.4142297362444518     
  -1.5897036147729084        8.0652049019211081E-002  -2.6214527299169128     
   2.5855968273720316        17.245308160814300        9.9698160483335716     
   1.1151635457252547      -0.25949259302547834      -0.98957932799610293     
   17.724516028979433        15.916892760299843        32.394908779825698     
  -1.6954863491667778       -1.2148654789227400      -0.59141042899619878     
   17.078014979566838        18.845947913675097        32.346190277745301     
  -2.1365583284035461       -1.2578350908278246        1.6983941991854425     
   16.566808666705590        17.156429623686073        29.920454078961757     
  0.14176649728475232       0.96656548002909903      -0.39082531550943894     
   24.872708508777485        11.323605704795350      -0.47964580670869739     
  0.34182188751424536        2.3076465167575444        1.3437845991587296     
   23.101529730549199        13.589597308340219       -1.3328294844093198     
  0.18859173463201917        2.4547737304471400        1.9404797303104833     
   25.899166938287511        13.389611061482560       -2.3973630043164200     
  -1.3153770707884762       0.29246619169694932       -1.8025737065262402     
   25.404513923495323        30.426359168615559        23.796316308463119     
  -2.0731729292500023       -1.3569416815192683        2.4620964852896621     
   24.152462942784549        30.339245179153650        21.072362378408673     
  -1.7433530922385987      -0.97078621434194989        2.2902675766016807     
   23.568285595726330        32.630573002889847        22.918589298039546     
  0.94849939806834693       0.70880685984621816        1.1194481897075808     
   18.710515477393475        12.894837040668969        14.325839735024097     
 -0.44613471821125805       -6.9640032689953335E-002  -2.1687392454226284     
   15.782298260416955        13.537302350112137        14.211688320559064     
 -0.51067486512635052       0.32804688339495514       0.88389379967926029     
   16.965221312768950        11.579104764355396        12.271029820970636     
  -2.4168632651655662        1.5437951896877700       -1.5619176969877713     
   11.830447557948105        19.629558100476451       -3.5013278297976580     
 -0.36648592303116068      -0.28774157853033899      -0.35657392682962563     
   13.456654174758263        19.777016943703785      -0.98466738444435076     
  -1.3735205313437291       0.90727042838843974       0.21353680531697250     
   13.193309237176493        17.172444932869958       -2.4498820908355889     
 -0.10865583590909632       0.39090767677930777       0.88825972812763698     
   1.7707463919797402        5.5472776530749179        30.727017701509027     
  -1.7704126543318393        1.1548076380531092        3.5451201182252392     
   3.7474749911971328        7.7060609857337798        30.069693150707280     
   1.3466357423633384       -2.7436045575188186      -0.51771934291032906     
   2.8869800812542734        7.2745420352389241        32.911055510718654     
   2.1019956965926969        2.5077439461169297       0.61211817013818048     
   13.710648954116664        12.944768398200893        10.283783182873004     
   3.5400069733266601      -0.83771254746995938       0.28376455774714016     
   13.281310625909402        15.787836143589981        11.131433054925868     
 -0.72931978683347387       -1.7450201040855051        1.3416495096547334     
   13.817872803061920        15.147711932412946        8.2500545475989195     
  -3.9406982111333932      -0.16875532082905109       0.34560109977068176     
   4.5503927488581679        28.386179217618714        14.952877097708894     
  0.10743702204871801      -0.61120688332627227      -0.55973985004428195     
   3.4677549981109950        26.243845812087805        16.752405294215816     
   2.0619260249398987       0.19794746407532426        1.6365639784292465     
   1.9354910527624591        27.064619273615204        14.307308446731922     
 -0.14893532834527179       -1.6163846766357823        2.3773029998684154     
   5.9171056422048887        27.124803328130032        28.160846826534275     
  -2.6321267073910026E-002   1.6643669505849406      -0.50160993684410160     
   3.7318427453170897        25.228797666940995        27.367142532637519     
   1.3262197948944046       0.10562220932687259      -0.55049837124795731     
   3.6584363053979660        26.562458815913555        30.053396340723861     
   1.7687279989820752       -2.1512057878047868       0.60673028642446736     
  0.16909251170678494        18.042990282341538      -0.14919311467311380     
 -0.13226750083736641       -1.8281116196891614      -0.62351255903921887     
   3.1344495739077907        18.333057020590740       0.20021501619140103     
 -0.85867283093367786        4.1025763520099794        1.7993134686223184     
   1.8615085366632544        19.004472834255488       -2.4320505350309904     
 -0.14198099566569994        1.8892796077034182       0.86429576806153197     
   10.434341723740692        16.748076685838129        12.846049293784064     
   2.1136911785840775       0.54893524127009696        3.7201445932915198     
   9.5041618941554020        13.900711488767724        13.050154862699662     
  -1.3863867939390240       0.86797535265420267       -3.2418544201396178     
   8.2209303644745866        16.023618658110685        14.737336649745290     
   2.0544961340142325       -1.6294477663827909        2.8442837085223189     
  0.39350761856560623        16.126339055526397        21.646779686492792     
  -3.6403816914450347      -0.12268167130807094        3.6061765543274218     
   2.9933924956992470        15.077577978561749        22.714644693369269     
  -2.0813777746004956       0.26029119394998412       0.31637052605511101     
  0.81727821909202780        13.169566573867673        21.924695743894887     
  0.19612393218633117      -0.57592119226713934       -4.2797563465377921     
   4.5075494568988823        19.354559752785292        17.669481293290922     
  -6.1389075810102722E-002   1.2710838719748698        1.9525953077287372     
   3.2891195340146435        16.921521769731505        18.932484185926462     
  0.16911662903197519       0.75599333125427837        1.1919101879793228     
   5.7982875330140820        16.670729724143182        17.307313638472973     
  -1.4480552006722693        1.0080438170622879       -1.4016776681121796     
   25.662987734118200        11.507830854616584        3.6825248378088085     
 -0.50875399343474914       0.55876336006444915      -0.49557966929386993     
   24.833302492909038        14.255561430643725        4.5561329289378278     
  -1.5866211463915341      -0.44565127076168370        1.7130664085087759     
   25.824425371754394        12.273820784459287        6.5786015818296040     
 -0.25743232894476953       -1.5049538017748143        5.1650894781640914E-002
   21.669701770907153        25.766120177307791        15.449828317909718     
  -1.1227283697720538      -0.25106611141552099       -7.5942460145068891E-002
   21.864362712742572        26.767184260729142        18.271216798904451     
  -3.2587514409775382        2.6821808390406727      -0.91988913496471847     
   19.855260640164673        24.654369791720249        17.564446751365157     
 -0.83066908935004480       -9.2187164647201877E-002  0.25959063964190077     
   19.901990313405086        28.920139282004683        14.360639943460420     
   4.2384463656234495E-002  -1.4161855745208924       0.34665634880703083     
   18.753960311753229        28.805124514679083        17.129874791108033     
   1.5959814944254278       0.39934548892055227        1.0706085695007195     
   17.066668186033887        29.772169798019462        14.845609324671351     
 -0.59022743313804482       -3.7576764340604440       0.82877019044008537     
   1.3630427666817304        21.437480005997102        26.815684829420633     
  -1.7853448495612783       0.94085508838521770        1.7707857460913921     
 -0.61281809132287557        22.824399179376936        25.034727387772943     
  -2.2326923883487280       -2.0014630426190361       -9.7763504098136611E-002
   2.1903923972776114        22.346325134537071        24.078978379758709     
  -1.4362716300294303      -0.45044807721710839        1.4068138220967827     
   16.880767725152776        22.215669061286135        23.695056014654199     
  -1.9527911351371807       -4.3728245965554571      -0.45001304128083031     
   15.693300399675117        24.114726732015953        21.699173845304554     
   1.0868195893876549       -8.1940348253130235E-002   1.6580135900595834     
   14.110246316722465        23.289169399226715        24.110064747608227     
  -1.0550386331687691       -2.0338492707337013      -0.36496979982834693     
  -4.9344844098073573        5.7691309917701599        29.128336327934989     
 -0.18267887073449460       -1.2339566302698013      -0.33352457891812737     
  -4.0905653625383014        4.1504790749994021        26.748544582778070     
  0.41204480917328945       -2.3744563835213697       0.64091730407393843     
  -3.3447285947034611        3.2541682867977122        29.512663698924541     
 -0.47332954798879684       -1.1830052024749431        1.2755925202984120     
   16.903839513791752        22.512875233189590        10.408292674413536     
  -2.1894055665422636       0.49616148704549445        4.7931397194866388E-002
   18.789470921738893        20.928661816399806        8.6952924384478738     
 -0.28877820233399998        2.8085437604085097       -4.9556563578265433E-002
   19.233033967951837        21.094083643064607        11.657704928973919     
  -2.0049383362491732E-002   3.7766029513307502      -0.14041748611850269     
   22.834652924906671        30.745658440603695        17.611386299915669     
 -0.12338277934740716       -2.0814180050226434       -2.1044208931009121     
   20.850017509936560        32.520547557938180        16.228741444551716     
 -0.95751410559830841       0.22112959304249544        1.8898828992576568     
   22.379920128526116        33.541642877531338        18.598712465072168     
  0.30597188054091373       -3.6526620853427363        2.8169489740919942     
   26.135280061719016        18.547214355403000        19.488201382142979     
  0.89669496447050701        1.1515855004370747       -1.6356628729552842     
   28.919179898385959        18.941611786358635        20.534327374470951     
  0.50000547493024472       0.18340202010699880      -0.18653415623386604     
   26.613407226007691        20.349924918940648        21.838193475266905     
  0.10940186353353475      -0.32322268462898895      -0.32678728224593878     
   30.230604206606994        19.991669981439081        17.312186737439244     
  0.31247574484212931        2.0709940730660552        4.5973040507954703     
   27.661818081435040        20.237853239409272        15.782397947794642     
  0.62525858221735076        3.8611693555480460        4.3354012282107890     
   30.114100511084853        21.685589547930523        14.838803436416672     
   2.6860746871334231      -0.56540408324894931        2.6155980268168015     
  0.59200189541102632        29.429339170167093       -8.1664116690943462     
   1.3718418107836285        2.7865092453731579        7.3438835137906389E-002
   1.1752794277366476        26.615901367783270       -7.3025937409425099     
   4.6582955758224696        3.0840595745718375       -1.0477909534398773     
 -0.38884119145606955        28.442231629601348       -5.5087028651674323     
  0.42145713919451722      -0.12476497927164364       -1.3172349668836225     
   23.541967789259470        10.543031305416008        27.391503455660295     
 -0.95705784638418723       -1.0158362472956046        3.2681353232808701     
   26.300544859990151        9.3933246663792165        27.137521427195253     
  -1.7888490970946374       -3.0722907531731862        3.6593274760692425     
   25.508725910804944        11.769799104209756        25.486644949964216     
  -1.3060921738824334       -5.4675938266418340      -0.14412412719089795     
   26.761547924741965        7.2390363514169103        21.950700261761327     
  -2.0168439890327607        1.1302381986202845       -1.3379117784953223     
   26.688400146232748        8.4835679958483041        19.222128784597771     
  0.40311529326070805        4.4639271424310394        4.7377843498082939E-002
   29.173316417962148        7.0969622698079560        20.172137041018772     
  -1.9503293715201961      -0.79906945578987398       -1.1144145681259054     
   3.2881228573670138        22.368170402764733       -1.0142702287952645     
 -0.19942370972547421       0.97479984856574942       0.76231207967146153     
   3.6782153911855255        22.385667840676021        1.9604123815208876     
   1.9089263224398443        2.7281462294157999       0.50187493462309185     
   1.2326506055497439        23.642800988707997       0.76090019771271100     
  0.20896188001526708       0.51368149962490817        1.5723921053046908     
   22.422800390517512        8.5027803713363745        7.6843598864486085     
  0.70680460351966679       -2.2821412400213190       -2.6040892052927829     
   23.524891943066912        7.1099473501583770        10.102014946145431     
 -0.83898886289792896       -1.4343848624588372E-002 -0.54645036386643042     
   25.390041817807671        8.3161335334316586        8.0855004110491340     
  0.46019220735067945       -1.7160948410472356      -0.38555796332961856     
   10.741531711737798        3.1617487859780078        1.9142079164294881     
  -1.1944077470702692       -1.9517258538341133        1.1370238640125534     
   9.1717718392302086       0.60396851554270448        1.8705383532831492     
  -2.6255462139958281       -1.1563213225792606       0.99655729180926556     
   9.5018328230602283        2.1186202110520558        4.4389795427498919     
  -1.7181298392730433       -1.4714142185523160        1.0693772199912521     
   31.160446861481915       0.91421980588806107        25.266199124119584     
 -0.36566735176737630      -0.80197003859889926        1.2377653930984682     
   30.751120427430561        3.8856315002714865        25.329662813330099     
   1.1079315912987076      -0.62326991274190180        5.1169088348945442     
   32.096418426163837        2.6067999552480132        22.972808278475949     
  -1.6178128615860099        1.4510423635782388        2.3533382055067387     
  -2.0361751654552074        7.6129187833098415        15.974304162766673     
  -1.3025584130389376      -0.86702611259827234      -0.55050130879604620     
  -2.5385610847618105        10.508134529982264        15.370987997676099     
   1.3450468160935150      -0.81396899556146241       -2.6950683780447737     
 -0.30708572277911800        9.7263191032519423        17.217412478602181     
  -1.4126229336824700       -1.3847167279783397       0.49404815132830482     
   15.328774875062400        18.648656911566263        25.742386910702141     
 -0.71558424118668085      -0.50043040648826675       0.50529538604690061     
   12.667460879860268        19.029364066966217        24.411170714164278     
 -0.22948647558909316      -0.24528696677955075      -0.40117090725108318     
   15.193850134297103        19.284105755637128        22.813527441197611     
  0.35527209159388606       -8.9940591044891383E-002  0.54044960253300078     
   6.1657888707728272        23.399929179519471        19.442724987863190     
   1.0984953699173439       -3.9888228614042953E-002  0.88892627994530593     
   6.9405091458646329        23.243991744853432        22.336775040145891     
   1.8928152090200878        1.6784503152225771       0.78070155844222178     
   7.0771645501616280        20.792397670063544        20.613112702345152     
  0.65404505068411201       0.46303207646674233        2.3789073952861766     
   21.747209312256420        26.584382809083280        23.628060981784259     
  -3.1252651897842556        1.4304933392955308       0.43709599538941335     
   23.162218632626093        23.992181405245390        24.155206275815402     
  -2.2450723639837888        1.9562910625119212       0.68405307411302962     
   20.517016830519818        23.996326155891886        22.739971223570908     
  -2.0112794233428981       0.96458368455383092       0.23541095214337823     
   18.039414116447496        2.7648609370365005        21.341840561985897     
  0.97074021140772582       0.32438757966201770       -2.7425732313174356     
   17.365745304513332        8.5202594518677725E-005   22.291927032578617     
  -3.3536716773004214        1.0105168159110107       -3.6108130272745607     
   18.887623015600102       0.37820391239446816        19.734405845900945     
 -0.40177250002364429      -0.58047610896992652       -2.1418837396445638     
   4.9650737070929742E-002   9.3939335768852494        13.336475691347706     
 -0.37663147091267185      -0.32257084156812937       0.44447220047509761     
  0.29833448618102004        11.580009843262291        11.297268625426785     
  -1.4396326816508986       -2.3973360352963700       -1.9653114605288435     
   2.6671198196883092        10.813734628686856        12.971090135812215     
  -1.7245113724620877        2.3099716463580346       0.77043582708430869     
   9.2078836746272597       -7.7456188349844872        11.961598080616108     
  0.48190644553224377       -2.0502908282415375       0.93518540311989629     
   12.190167633079810       -7.4443403726893242        12.085502584344134     
  0.54674321099603007       -2.7017509892817473        1.0278998329639912     
   10.583861609593040       -7.5213919309452706        14.618059411008788     
  0.23129638266750796      -0.27348630288468423       0.92541854295896164     
   1.5939714554823494        22.842588853028378        12.717629689917867     
   1.4310099256054747      -0.37260789257447025       -4.0680272325966786     
   1.1990956166455751        23.724321103309403        15.557694707307254     
  -1.7659068994649647       0.78969630626033749       -4.7612570084551136     
   1.9298784342619761        20.876988346626678        14.958818388590169     
  -2.6366746306279193E-002  0.80114878072858553       -2.8073107634827346     
   20.725472890496679        9.0037109164916682        11.301892722508569     
  0.28691536973819387       0.47038914440702423       -1.9900973699015150     
   21.921934351413579        7.6186269013763743        13.678952354210987     
 -0.18705570062027355       -2.9777608599940346       -3.6965100796110244     
   21.590299795548741        10.600220714749611        13.689792830249266     
  -1.3540361791510682       -3.0444237373930938        1.0589819692844507     
   10.818371019115851        11.165749895323986        14.602101712377266     
 -0.56024761791946109        1.9331142727312629        6.5656138541400955E-002
   13.425552976736105        10.804403134720207        13.159786209018176     
  -1.5441766884145660       0.13030669175933862       -1.3163707252287338     
   13.211810773377595        10.109188156706949        16.070282812578732     
 -0.22638552119399721        1.2647634125111356      -0.93773109153712220     
   14.598004709012606        14.070917202613570        21.391276408215283     
  0.43423804357766294       -3.7417285120650714      -0.41532076724313738     
   17.340320329409355        12.862929164695405        21.532918231749683     
   2.3266020974243129       0.30938693582968202       -1.1300453822829402     
   15.698682207135636        12.568750586963812        19.039229549012330     
   1.7439783774387629       -2.7605147340671459      -0.42547403734318601     
   22.522971278870322        3.8842957397740663        9.5685023678079677     
  -1.2401799399827027      -0.10812203082612497       -2.5621877299577931     
   24.830610557892083        2.1779337406570960        10.441650350645306     
  -1.4026157434081532       -1.9685887442554200       -5.6291624926263299     
   23.852363123535952        4.3960852194120079        12.208805141687684     
   1.4839734829444471       -2.3737058496401260       -3.4477144006622336     
   6.8811025058273723       -1.3025894358962291        30.510548993252684     
  0.51474870355003244       -2.0855563887513693       0.23380169709146292     
   9.2322029466656463       -3.1081291405816254        30.050227092109839     
  0.21096834828979860       -2.4760419900126047       0.21015912427097527     
   7.1192463241407085       -3.8740447290303273        32.037382764597318     
  0.12659161051278175       -2.1045577088973264       0.26436836253297002     
   29.640826145895609        6.1013530569657810        9.4148862422225701     
  -2.9556697602463524        2.8684603507666342      -0.10150241331014885     
   29.646469446478175        9.0158281023842459        10.125083951822084     
   1.6875792347910683        1.9998717757013933        3.9822744761152364     
   28.627297322601894        6.9942559332028473        12.093467640523857     
  -3.2222670797554525       0.87992258567826787       0.48100209321578696     
   27.856074947221511        3.5177581065701617        5.5955657756027692     
  -8.8700518947389284E-002   2.1142194449303644       0.16329473185347565     
   28.535416978057889        1.6959965082775144        3.3105748610298127     
  -2.0727774352868296       0.37135768936898539       0.93266857309231144     
   29.357659925512618       0.97065745054354113        6.1030289406326093     
   1.2412218976155733        2.9942340711467987       0.70230256443511652     
   27.025693038019515       -2.9293301881488576       -2.0754683711265467     
  -1.4122305692575481        1.1873470335867580      -0.53746223682819427     
   26.226568822115350      -0.62040119175372344       -3.8162933394018479     
   1.1014530807274241        2.8440421213602587       0.44233320936472936     
   29.124387818012114       -1.1156896156657370       -3.2185187136177964     
  0.71669683498531522       -1.4472449342012708      -0.90705814404367724     
   31.600000000000001     
