           1   1.6143080250508877       0.21998809861062738     
           2  0.24056549431239019        1.8837760644673553E-002
           3  0.30059577943206955        3.7626234199644462E-002
           4   3.0265489561923986        1.9239278232979067     
           5   1.5649464497677157       0.94902791151792609     
           6   1.4818714259170880       0.76002564409210160     
           7   3.5665376309398327       0.53552022629023865     
           8  0.23146390353634749        2.1711577042267807E-002
           9   1.6956301401949780       0.55219254006801421     
          10  0.22432153603674113        1.9730958451536811E-002
          11   2.3184501451693049       0.38325908165615946     
          12   2.7604566902841348       0.63429431057911634     
          13   1.3424205762419128       0.82542603828684835     
          14   1.9781599590782675       0.97740320411280324     
          15  0.25506770645177684        1.6850339587566154E-002
          16   2.3905289492308213       0.47376213990539745     
          17   2.9816278174279969       0.27557086235029926     
          18  0.38431436505507904        2.6503589507303280E-002
          19   2.1924585778610033       0.91634827675907160     
          20   2.8034322686974851       0.41718514427674325     
          21   2.9962899909125569        1.6620848139848610     
          22  0.22704476305717125        1.9124543364519016E-002
          23  0.28887994156567948        2.8959659588798498E-002
          24   2.5498460261364735       0.79327421384391594     
          25   1.4005103966290562       0.53012969974469681     
          26   2.4036721802027121       0.60449973531876566     
          27   4.5352437712142324        1.0811515829391414     
          28  0.27007907335715542        2.6278912910816438E-002
          29  0.34676500691495393        1.3092528244164537E-002
          30   1.8000289577938122       0.39894165326709424     
          31   1.9180124445061351       0.39872442446506695     
          32   3.5066862577717295        2.3237528159109280     
          33   4.2939561138964981       0.17927901160935145     
          34   3.9485287030699876        1.1435950784826063     
          35  0.29945084935234434        4.6947662090846290E-002
          36   2.8929190221958847       0.78392539859855481     
          37   3.3052927797523650       0.79380207299929051     
          38   1.8845013316109822       0.38811451979345235     
          39   4.0890948259855540        1.0938876861802427     
          40   2.5507789713919706       0.28149197208224341     
          41   2.7346017194328938        1.3049341184132608     
          42   2.1200282699825395        1.0182765029196998     
          43   2.1039147630900263        1.3007383322992578     
          44   3.0640665571387111       0.68265222964747208     
          45   1.3081530270743478       0.58978322423201113     
          46   2.6658467320715409       0.19591738693008870     
          47   3.2918239802246405        1.2800200876854069     
          48   2.0606193948795006        1.2817329904720258     
          49   2.9378311691157841       0.37587489250280764     
          50   3.1157320020500983       0.34367125599883247     
          51   2.0042515720391250        1.1788947838380781     
          52  0.78754684670422925       0.31902739611072656     
          53  0.21009285514106138        2.2924953990151334E-002
          54  0.28749918623122511        2.3717229647796937E-002
          55   1.8853014231371734        1.1427713408089031     
          56   4.2889395587460735        1.3666447164499358     
          57  0.29823336903954051        1.9109217108117634E-002
          58   3.5539562935579951       0.64086561585504642     
          59   2.8647798502435671       0.53175324084225573     
          60   2.5123174246482507        1.1827198722359415     
          61   3.3995640329804444       0.80031109298274272     
          62   2.3522196501598205        1.4197333981510949     
          63   2.6095097543079873        1.5459347676215680     
          64   1.4431278853332739       0.81765380446873448     
          65  0.62281148000727593       0.15684660122417854     
          66  0.26267688334311090        2.8525317715725820E-002
          67   2.6079933347086768        1.6221948558281392     
          68  0.36459832675981746        6.7175178163145249E-002
          69   1.9917004177538136       0.75924085880615999     
          70  0.25908757062516580        1.2441020373396816E-002
          71  0.19997579542227414        1.0442983154093761E-002
          72   1.8245866194359721        1.1467438597884285     
          73  0.55950347235117759        5.1106049746875708E-002
          74  0.34381099786869179        6.9023687816130684E-003
          75  0.22660269057027912        1.7975600382022845E-002
          76   1.8229850888655934        1.0098641567961499     
          77   1.4827253887203653       0.68717117357091062     
          78   2.8236171500951515        1.7984450081374828     
          79  0.56510364773612254       0.18424554265543977     
          80  0.36818347833344239        7.4758954863636443E-002
          81   3.9516642452714792       0.85863970090804687     
          82  0.45343520234189105       0.15381386317994095     
          83   2.6174637801481087       0.80798734603320121     
          84  0.26776231140226014        1.2158524878600618E-002
          85   1.6118317637235944       0.79739215095936899     
          86  0.25430096879397496        2.9726010184657304E-002
          87   1.3710330714129071       0.76466371451566961     
          88   3.2594324704764275       0.75979672527279163     
          89   1.4310498384966897       0.74919757371231588     
          90   1.4250685370748952       0.47104146208006226     
          91   1.1048985773106359       0.31089290234725675     
          92  0.29879933569254308        2.0558389610604116E-002
          93  0.32534248716181641        2.2099168236199496E-002
          94  0.41660613608447883        3.8682585756845869E-002
          95  0.39356783577937965        5.1052495703834355E-002
          96   2.0626978807379976       0.97004925936857200     
          97   2.1462295431923706       0.45824948359335071     
          98  0.42371091478590389        6.7102793721893803E-002
          99   3.2496684423466782        1.9612311169930483     
         100   2.9404865651962857       0.76494069282374311     
         101   1.4774968042665531       0.68945296082320351     
         102   1.8499084611358623        9.3870085600653769E-002
         103  0.24948008866316970        2.1643787209537999E-002
         104   2.4935666701569903        1.3356563906953201     
         105  0.23994585571932270        1.4125654092372548E-002
         106  0.17932183136296467        1.9099724642192818E-002
         107  0.56408357511489615       0.15331701695940031     
         108   1.8594296759415883        1.0821447236751363     
         109   1.5505119447614755       0.83609075240528041     
         110  0.20093123389787135        1.3580549458518755E-002
         111   3.7513374387447391        1.2381799578897552     
         112   2.5744478474700636        1.2090462021044168     
         113  0.59523805381613315       0.20958568166235025     
         114  0.27400415310529480        5.5529608041430178E-003
         115  0.24638745918080049        1.4731493355476733E-002
         116   1.5026174695274015       0.89297475596630693     
         117  0.67682923598322076       0.21472715034779957     
         118   2.6858189104097039       0.32793486571065478     
         119  0.24579149704858208        2.3431254589637091E-002
         120   2.8291097922079502        1.7136727293974894     
         121   1.5455957772382583       0.76000164621359279     
         122  0.22317124649837661        5.4582532731020520E-003
         123  0.27823390919382951        1.6682046460748785E-002
         124   2.9658725035042148       0.77886586342846709     
         125   3.3663759123537673       0.96489753992257554     
         126   3.6260362110862281       0.79075762136823213     
         127   1.5916289039257709       0.75247590718022617     
         128   1.9886096192953584        1.0217984641722959     
         129  0.31519360253891709        7.5698591969284718E-002
         130   1.3875969468224045       0.77567848980767395     
         131   2.2877980083169684        1.3583710350983795     
         132   3.5134233204687342       0.43937146199131877     
         133   2.4749286814846241       0.79192453237028926     
         134  0.39076775175240491        7.5833605012716368E-002
         135   2.4318223017296181       0.36158206720905489     
         136   1.3139923030520679       0.72654978445658080     
         137   1.8022916724483118        1.0739438150172624     
         138   2.2263271447088875        1.0877013909327695     
         139  0.21590580719393251        2.5444127825548134E-002
         140  0.39326713960902177        1.6824445824608465E-002
         141  0.19546990209847956        8.6810257182927727E-003
         142   1.7667991610581411       0.86278635772365209     
         143  0.38713818032889624       0.10384937765458727     
         144   1.8969767310621048       0.31697113653890169     
         145  0.33805412950413610        3.8671049853245203E-002
         146  0.22479255630273234        2.6938054931513314E-002
         147  0.28534080499299452        2.1381712246703710E-002
         148  0.64450323562862122       0.25421293732034184     
         149  0.23799552491352727        9.5701029053465690E-003
         150  0.58777476959976693        4.4554326691682564E-002
         151   3.0352011571149915       0.18995358495696116     
         152   2.3330632530983890       0.27772941605714219     
         153   2.3044624708556074        7.9264983339431702E-002
         154  0.33275802594362419        2.3227315677986093E-002
         155   1.6934654435874670       0.46658046659146563     
         156   2.2774825239972869       0.52745613258918445     
         157  0.24788594814891676        2.6386786531716718E-002
         158   1.4111390285318037       0.82195139689508034     
         159  0.31392529214991566        3.7478735800198248E-003
         160   2.5095058071950587       0.80113842825269099     
         161   2.0165929023034272        1.0874808822257205     
         162  0.46603712779643836       0.12942401331521444     
         163   2.4318709535716589       0.52754596883180582     
         164  0.26402225863717221        2.2494516649492157E-002
         165   1.9889141175953482       0.76666144134672909     
         166   3.3826215066219891        2.1801116054146594     
         167   3.0058766933826822       0.86723764009466675     
         168   2.4290546110464586       0.57642506098496371     
         169   1.8433896533600231       0.40169956124027051     
         170  0.29388381897534205        1.9732900287952004E-002
         171   1.5482204485150544       0.73130137604502354     
         172   1.5448335301505054       0.88941700010602898     
         173   2.6256667342259257       0.92203305102350996     
         174   1.4894594393312299       0.81679829078388855     
         175   3.6291013225450826        2.0308419873760801     
         176  0.19565361531677031        7.1274047001616252E-003
         177  0.34545356182264059        2.0512575504532046E-002
         178   3.2262615706142435        2.0113037243580409     
         179  0.38569137727195130        8.1217601196060876E-002
         180  0.27174224235987504        4.3158233168220518E-002
         181  0.40122289558059682        2.4387765957213356E-002
         182  0.28433668657775479        9.6021667718894487E-003
         183  0.46980951518207265        3.0977585627426304E-002
         184   2.8500603703265655       0.87092469737063438     
         185  0.93016807934386081       0.10268324085398124     
         186   3.0424501222546581        1.7658803487499422     
         187   3.4294088715374014       0.17603753865282343     
         188   2.5960835883156679       0.57546748517967350     
         189   4.6143446323082786       0.64011992353286296     
         190  0.32904932274061965        6.2155540923122969E-002
         191   3.5387028034092687        2.3505024158293852     
         192   3.2074873833102946        1.0417975730435816     
         193   1.0696250523262225       0.54632168556298277     
         194   2.8670243056928779        1.8501853589278403     
         195   2.6200708225449936        1.3108110860327715     
         196  0.31012939257072158        3.4186330215228301E-002
         197  0.19581423681600518        9.8842863589773573E-003
         198   2.3067542442492530       0.24497242806785874     
         199   1.4335615664803019       0.77787784494349854     
         200   2.5979575482770358        1.5475999766173902     
