 n molecule, bond lenght (mean)                     , standart deviation
           1  0.88105689358857264        4.9255932301871868E-007
           2  0.88105695673577600        3.9691555364534011E-007
           3  0.88105669637219297        7.5816897918125830E-007
           4  0.88105733567257849        1.3634048917117415E-007
           5  0.88105698259905429        4.1193839588572469E-007
           6  0.88105707987158721        2.4480863894225593E-007
           7  0.88105651681687325        1.0157623083099755E-006
           8  0.88105723399300262        2.4588794101887684E-008
           9  0.88105713618604309        2.3957965366850878E-007
          10  0.88105761481466149        4.8273299485952837E-007
          11  0.88105726191263889        5.1168786262471295E-008
          12  0.88105697581440268        4.1342783274159089E-007
          13  0.88105690757416155        5.1689915191569584E-007
          14  0.88105724540562702        6.8498012303951433E-008
          15  0.88105741601046983        1.8964076939157513E-007
          16  0.88105723726914809        2.3541297575876566E-008
          17  0.88105723240584100        2.5807411088237923E-008
          18  0.88105684447148425        5.6000473574857761E-007
          19  0.88105700629014161        3.4421480271681189E-007
          20  0.88105718844795611        7.6901622832360723E-008
          21  0.88105666321688370        8.4280009401608486E-007
          22  0.88105675457113231        7.0622955680222805E-007
          23  0.88105714227374443        1.7949950170005963E-007
          24  0.88105649565200073        1.0377163403955890E-006
          25  0.88105707931294086        2.1683847136528623E-007
          26  0.88105690876064513        4.6744823395056146E-007
          27  0.88105735019372278        8.8179757313477872E-008
          28  0.88105676391433230        6.7325455692369311E-007
          29  0.88105659535254521        8.9863950907578692E-007
          30  0.88105669491108596        8.2129001050345399E-007
          31  0.88105647876395565        1.1484263847930586E-006
          32  0.88105706325232191        2.6560316187812247E-007
          33  0.88105677447243069        6.4005630593291925E-007
          34  0.88105665488522611        8.3399976126313498E-007
          35  0.88105735892553982        1.0111408729424958E-007
          36  0.88105708600073218        2.4905187231856643E-007
          37  0.88105720868676529        1.0709693265628170E-007
          38  0.88105757601464108        4.3831696072689758E-007
          39  0.88105727955754309        1.1987609143845612E-008
          40  0.88105678935119036        6.7637585229600653E-007
          41  0.88105732379255242        1.0543939555151526E-007
          42  0.88105725230844056        3.0746607560513115E-008
          43  0.88105712476958331        1.9470903871524225E-007
          44  0.88105719470475641        6.8015306935304754E-008
          45  0.88105671493527560        7.4124723095120318E-007
          46  0.88105682288360354        6.2313284095975231E-007
          47  0.88105745888635756        2.5637406096250527E-007
          48  0.88105681016313830        5.8117627865893728E-007
          49  0.88105741729126441        2.2920989871933614E-007
          50  0.88105756108326261        4.0279288001763151E-007
          51  0.88105769265160239        5.5263291631090565E-007
          52  0.88105744663959662        2.2964784973639528E-007
          53  0.88105708162118390        2.4481118586350556E-007
          54  0.88105770331215305        6.4837385957134516E-007
          55  0.88105735618657743        1.3416841605634012E-007
          56  0.88105752443738472        3.8956752764286083E-007
          57  0.88105738927764243        1.7289138353339414E-007
          58  0.88105722435891465        5.3971322170342658E-008
          59  0.88105740371991559        1.9390364694540145E-007
          60  0.88105689928821851        5.1038951437189658E-007
          61  0.88105663405003376        8.8668760531329848E-007
          62  0.88105716027762826        1.1458488595668164E-007
          63  0.88105684392135764        5.8097187035463729E-007
          64  0.88105733888912641        1.7965504079729318E-007
          65  0.88105660627354132        9.0436865488142839E-007
          66  0.88105683542214130        5.7910300483450616E-007
          67  0.88105677572394414        7.0082745683179312E-007
          68  0.88105708624238066        1.7296547154695019E-007
          69  0.88105675331407829        6.4624905065940774E-007
          70  0.88105785096908285        8.0893507492625961E-007
          71  0.88105698960488066        3.9362868357067442E-007
          72  0.88105629272211738        1.3097551401361943E-006
          73  0.88105705533626122        2.5976167566163007E-007
          74  0.88105756364879673        4.2328587014105955E-007
          75  0.88105711585035940        2.0985397010136906E-007
          76  0.88105704257111228        2.9178818969529408E-007
          77  0.88105715982379262        1.2481990004245441E-007
          78  0.88105702053546298        3.6383590882200322E-007
          79  0.88105722924962671        6.5069233515955293E-008
          80  0.88105705202521234        2.5269230991784594E-007
          81  0.88105659995025576        9.9172808861594267E-007
          82  0.88105661635278165        8.5611212499444790E-007
          83  0.88105645495294471        1.0873412966756930E-006
          84  0.88105724453972434        4.3822034000375617E-008
          85  0.88105739245461512        1.2644483050616400E-007
          86  0.88105746643036065        2.3688729689362284E-007
          87  0.88105758205449158        4.6269040315166707E-007
          88  0.88105676060619054        6.9967047015754726E-007
          89  0.88105744155217680        2.4819856390317894E-007
          90  0.88105768225742553        5.6007814964480455E-007
          91  0.88105707640073760        2.2019181521691813E-007
          92  0.88105719494150969        7.4355420507142231E-008
          93  0.88105731130897613        1.0359468301830062E-007
          94  0.88105703781562872        2.9169779880191129E-007
          95  0.88105714827068293        1.7505651414776391E-007
          96  0.88105700729496750        3.5673452360537264E-007
          97  0.88105703625254694        3.0553968898401003E-007
          98  0.88105742170864076        2.0331171900567944E-007
          99  0.88105718438075187        1.0978120245404161E-007
         100  0.88105704966718579        2.8173821915850758E-007
         101  0.88105721506209023        5.8992032972700324E-008
         102  0.88105694670332613        4.2314605433158180E-007
         103  0.88105672301670934        7.2517273176864898E-007
         104  0.88105688306700980        5.5413064087095834E-007
         105  0.88105739540339412        1.6340873787183490E-007
         106  0.88105678964428336        7.1876242356431396E-007
         107  0.88105732436614603        7.0952257153147532E-008
         108  0.88105708558608198        3.0591690369594415E-007
         109  0.88105686266205174        5.1482473019378267E-007
         110  0.88105680757779525        5.9944694879884617E-007
         111  0.88105712432826200        1.6313402180932522E-007
         112  0.88105711282087895        2.0231373597004459E-007
         113  0.88105686541086825        4.6863829961120369E-007
         114  0.88105701817477000        3.4082239262183404E-007
         115  0.88105686386854953        5.6648685064826369E-007
         116  0.88105724682418174        3.1911216708905024E-008
         117  0.88105586946303494        1.9639955601907219E-006
         118  0.88105731010698285        6.8644579040629787E-008
         119  0.88105739722891663        1.4124477289415539E-007
         120  0.88105698097102170        4.2545409072701299E-007
         121  0.88105707657708654        2.7995549953131831E-007
         122  0.88105699318412789        3.7912791348067323E-007
         123  0.88105738305500658        2.2481864706135757E-007
         124  0.88105697524435067        3.5023095305489631E-007
         125  0.88105712761221222        2.4118107131591652E-007
         126  0.88105723969806371        2.7900040992684826E-008
         127  0.88105702247671491        3.3613368956924280E-007
         128  0.88105687261649568        5.0231112989218051E-007
         129  0.88105737780294502        1.1568097086329443E-007
         130  0.88105741374071334        2.0359073438841360E-007
         131  0.88105711507355433        1.6925833290389054E-007
         132  0.88105795818957400        9.4660703802731467E-007
         133  0.88105693389267925        5.0748184218012982E-007
         134  0.88105713743214986        2.1957863737226851E-007
         135  0.88105710736091380        2.3421557944255086E-007
         136  0.88105671175189215        8.1371972084966891E-007
         137  0.88105717348417034        1.0206897983449280E-007
         138  0.88105722822752119        4.0879994960082912E-008
         139  0.88105699290836326        3.2859785065617133E-007
         140  0.88105777680248243        7.1521723834453712E-007
         141  0.88105732260427094        9.4681857476808582E-008
         142  0.88105728057448596        2.7496273429923128E-008
         143  0.88105718776145503        7.3648717172738254E-008
         144  0.88105731259800579        5.8117360309752345E-008
         145  0.88105744746522952        1.8135709270868146E-007
         146  0.88105762501884266        4.7025777110096335E-007
         147  0.88105626969974382        1.3791659133445395E-006
         148  0.88105697361951607        3.5848014199937182E-007
         149  0.88105721045808727        7.7030334192596276E-008
         150  0.88105713223266713        1.1933076833456330E-007
         151  0.88105740479689254        2.4148842510285731E-007
         152  0.88105667007882393        8.1921243482826696E-007
         153  0.88105814188279152        1.2382906057646431E-006
         154  0.88105699541287485        4.0654389644840954E-007
         155  0.88105691301194911        4.5965943235057029E-007
         156  0.88105677549953232        6.8701162673614265E-007
         157  0.88105710901792911        1.8621824304200737E-007
         158  0.88105624269265104        1.3892673126262405E-006
         159  0.88105735884507308        1.4254966494944827E-007
         160  0.88105638433588862        1.1883991408490650E-006
         161  0.88105753716913837        3.7198046745467508E-007
         162  0.88105748579949239        2.2891260639859373E-007
         163  0.88105691947331921        4.5568237956005704E-007
         164  0.88105752659249204        3.8991856678425259E-007
         165  0.88105757490259939        4.2303235926152558E-007
         166  0.88105738581115212        1.8409009199581687E-007
         167  0.88105718638919583        6.4639687422726686E-008
         168  0.88105735553123743        8.2626488549911853E-008
         169  0.88105648581180518        1.0413812064964921E-006
         170  0.88105711028510669        1.9114674184992403E-007
         171  0.88105709363153417        1.9383123418882655E-007
         172  0.88105734834801475        1.3679291585153830E-007
         173  0.88105656204864513        9.4421223402382885E-007
         174  0.88105689390488451        5.0266059604394647E-007
         175  0.88105660746354308        9.0052637282069155E-007
         176  0.88105726116766814        8.3642671775644088E-009
         177  0.88105767402139523        5.6104861829138630E-007
         178  0.88105725471716989        1.0955025996296062E-008
         179  0.88105724239580330        5.1583181600038842E-008
         180  0.88105667960554379        8.0520994931877484E-007
         181  0.88105738362596542        1.5668981567221085E-007
         182  0.88105666713139608        8.0741412177952333E-007
         183  0.88105708112310355        2.6535331940649958E-007
         184  0.88105729363761165        1.2191000719658267E-007
         185  0.88105736756576214        1.8372416238331255E-007
         186  0.88105709776715491        2.3538659274483577E-007
         187  0.88105655151714080        9.2733808389838080E-007
         188  0.88105731384301622        6.2410152993239274E-008
         189  0.88105703240965649        3.0669380705820265E-007
         190  0.88105702072688263        3.7521888296656556E-007
         191  0.88105681290181037        6.1686450702781103E-007
         192  0.88105701943183090        3.3220549297798174E-007
         193  0.88105724655288309        8.2727708272963234E-008
         194  0.88105684674788354        5.7901947430775524E-007
         195  0.88105725877791619        7.7761762853084497E-009
         196  0.88105725448777017        2.1049215076766491E-008
         197  0.88105729988535775        5.9013736213644411E-008
         198  0.88105736052322003        1.9832920115062127E-007
         199  0.88105783401510707        7.9412306190837630E-007
         200  0.88105679985209717        6.2585169809948309E-007
