   9.2749403021045018E-003   3.2453917233035749E-004
   1.8549880604209004E-002   1.3014511374454230E-003
   2.7824820906313504E-002   2.9253047388710426E-003
   3.7099761208418007E-002   5.1761891228824493E-003
   4.6374701510522510E-002   8.0211680326131834E-003
   5.5649641812627007E-002   1.1416740092457861E-002
   6.4924582114731511E-002   1.5312667639716337E-002
   7.4199522416836014E-002   1.9656151567488480E-002
   8.3474462718940518E-002   2.4394333738184087E-002
   9.2749403021045021E-002   2.9477311046210944E-002
  0.10202434332314952        3.4862950267723285E-002
  0.11129928362525401        4.0518306184106463E-002
  0.12057422392735852        4.6422056181543707E-002
  0.12984916422946302        5.2566239584158937E-002
  0.13912410453156754        5.8948470084486795E-002
  0.14839904483367203        6.5558449653744882E-002
  0.15767398513577652        7.2371566701824180E-002
  0.16694892543788104        7.9350465205362805E-002
  0.17622386573998552        8.6454199411057989E-002
  0.18549880604209004        9.3648006359403568E-002
  0.19477374634419453       0.10091115375162352     
  0.20404868664629905       0.10823971511808937     
  0.21332362694840354       0.11564129396726107     
  0.22259856725050803       0.12312157215494660     
  0.23187350755261255       0.13067730493244381     
  0.24114844785471704       0.13829710808884974     
  0.25042338815682152       0.14596409366252314     
  0.25969832845892604       0.15365718704132539     
  0.26897326876103056       0.16135754924267356     
  0.27824820906313508       0.16906095786260630     
  0.28752314936523954       0.17677342656640563     
  0.29679808966734406       0.18449728844618729     
  0.30607302996944857       0.19222939146500437     
  0.31534797027155304       0.19996650942486091     
  0.32462291057365755       0.20770183179367721     
  0.33389785087576207       0.21542079474104933     
  0.34317279117786659       0.22310924449736291     
  0.35244773147997105       0.23077205108862622     
  0.36172267178207557       0.23843096155888593     
  0.37099761208418008       0.24610191946414109     
  0.38027255238628455       0.25378547372396915     
  0.38954749268838906       0.26148074019929413     
  0.39882243299049358       0.26920520356232380     
  0.40809737329259810       0.27699517940283253     
  0.41737231359470256       0.28488520028638131     
  0.42664725389680708       0.29288461268411481     
  0.43592219419891159       0.30097528774618304     
  0.44519713450101606       0.30913670370191815     
  0.45447207480312057       0.31737532458483597     
  0.46374701510522509       0.32571807573647904     
  0.47302195540732961       0.33419019403253147     
  0.48229689570943407       0.34280324060389833     
  0.49157183601153859       0.35155437322531680     
  0.50084677631364305       0.36042544267680521     
  0.51012171661574757       0.36937907167753831     
  0.51939665691785208       0.37836894449387687     
  0.52867159721995660       0.38736780057050341     
  0.53794653752206112       0.39637287259601189     
  0.54722147782416564       0.40538368856153750     
  0.55649641812627015       0.41438497553036968     
  0.56577135842837456       0.42336175869813547     
  0.57504629873047908       0.43231481614469969     
  0.58432123903258359       0.44126498924692004     
  0.59359617933468811       0.45024215256414768     
  0.60287111963679263       0.45926201537654437     
  0.61214605993889715       0.46831086829000707     
  0.62142100024100166       0.47734621153329926     
  0.63069594054310607       0.48631556017370636     
  0.63997088084521059       0.49518903233049744     
  0.64924582114731511       0.50399656563560502     
  0.65852076144941962       0.51281036021719006     
  0.66779570175152414       0.52168048509184317     
  0.67707064205362866       0.53061914761472673     
  0.68634558235573317       0.53961061058951088     
  0.69562052265783758       0.54863380063874123     
  0.70489546295994210       0.55767768553517294     
  0.71417040326204662       0.56674767343166466     
  0.72344534356415113       0.57586115200109589     
  0.73272028386625565       0.58503545461539486     
  0.74199522416836017       0.59428144982116393     
  0.75127016447046469       0.60360314659293213     
  0.76054510477256909       0.61299986611122559     
  0.76982004507467361       0.62246723263330983     
  0.77909498537677813       0.63199191592583648     
  0.78836992567888264       0.64156174083690409     
  0.79764486598098716       0.65116110913196446     
  0.80691980628309168       0.66077892617668421     
  0.81619474658519620       0.67040240180879074     
  0.82546968688730060       0.68001915136084767     
  0.83474462718940512       0.68961265676503136     
  0.84401956749150964       0.69915485630462071     
  0.85329450779361415       0.70861085571904203     
  0.86256944809571867       0.71795967954391360     
  0.87184438839782319       0.72720085743562712     
  0.88111932869992771       0.73634051731128070     
  0.89039426900203211       0.74537276289638643     
  0.89966920930413663       0.75426963679972381     
  0.90894414960624115       0.76299232835107200     
  0.91821908990834566       0.77151089558336516     
  0.92749403021045018       0.77981394133029913     
  0.93676897051255470       0.78790427809067676     
  0.94604391081465922       0.79579665759084595     
  0.95531885111676373       0.80352392328715883     
  0.96459379141886814       0.81112813691962360     
  0.97386873172097266       0.81864621735931553     
  0.98314367202307718       0.82610066737337062     
  0.99241861232518169       0.83349424759099899     
   1.0016935526272861       0.84081776036193567     
   1.0109684929293907       0.84806414231122285     
   1.0202434332314951       0.85522305371399621     
   1.0295183735335998       0.86228731650976687     
   1.0387933138357042       0.86925910555754227     
   1.0480682541378088       0.87614959109144441     
   1.0573431944399132       0.88297292656199655     
   1.0666181347420176       0.88974497475999081     
   1.0758930750441222       0.89647920236665246     
   1.0851680153462266       0.90318139475277326     
   1.0944429556483313       0.90985556805156342     
   1.1037178959504357       0.91649786728309057     
   1.1129928362525403       0.92309138783051992     
   1.1222677765546447       0.92961385358262494     
   1.1315427168567491       0.93605147436109082     
   1.1408176571588537       0.94240129457225086     
   1.1500925974609582       0.94865373718366985     
   1.1593675377630628       0.95480434442371176     
   1.1686424780651672       0.96086884033608311     
   1.1779174183672718       0.96687917869381845     
   1.1871923586693762       0.97286757608959384     
   1.1964672989714806       0.97886118350346252     
   1.2057422392735853       0.98487335686801503     
   1.2150171795756897       0.99089532525455870     
   1.2242921198777943       0.99688700646949613     
   1.2335670601798987        1.0027946740705558     
   1.2428420004820033        1.0085898514903378     
   1.2521169407841077        1.0142984093239944     
   1.2613918810862121        1.0199722423851170     
   1.2706668213883168        1.0256511879600136     
   1.2799417616904212        1.0313606124386989     
   1.2892167019925258        1.0371204054996142     
   1.2984916422946302        1.0429558607902700     
   1.3077665825967348        1.0488973821401231     
   1.3170415228988392        1.0549673626768301     
   1.3263164632009437        1.0611742930174817     
   1.3355914035030483        1.0675068561429109     
   1.3448663438051527        1.0739276686682300     
   1.3541412841072573        1.0803923738734607     
   1.3634162244093617        1.0868683225316660     
   1.3726911647114663        1.0933487503357515     
   1.3819661050135708        1.0998295229757340     
   1.3912410453156752        1.1062874140577978     
   1.4005159856177798        1.1126885499059391     
   1.4097909259198842        1.1189937708960467     
   1.4190658662219888        1.1251772222066119     
   1.4283408065240932        1.1312281785115739     
   1.4376157468261979        1.1371524032397746     
   1.4468906871283023        1.1429639407587080     
   1.4561656274304067        1.1486737964641451     
   1.4654405677325113        1.1542919451812834     
   1.4747155080346157        1.1598610367294411     
   1.4839904483367203        1.1654310078160321     
   1.4932653886388247        1.1710442471038021     
   1.5025403289409294        1.1767266325504948     
   1.5118152692430338        1.1824895933564477     
   1.5210902095451382        1.1883370975587615     
   1.5303651498472428        1.1942538157136617     
   1.5396400901493472        1.2002032470667303     
   1.5489150304514518        1.2061329182043148     
   1.5581899707535563        1.2119887636022504     
   1.5674649110556609        1.2177246762376543     
   1.5767398513577653        1.2233053975090187     
   1.5860147916598697        1.2287135791061512     
   1.5952897319619743        1.2339554803965715     
   1.6045646722640787        1.2390586093796072     
   1.6138396125661834        1.2440786890978497     
   1.6231145528682878        1.2490756942060719     
   1.6323894931703924        1.2540822250676671     
   1.6416644334724968        1.2590812018063220     
   1.6509393737746012        1.2640042691477198     
   1.6602143140767058        1.2687603598339692     
   1.6694892543788102        1.2732820560541189     
   1.6787641946809149        1.2775603989402353     
   1.6880391349830193        1.2816237766843208     
   1.6973140752851239        1.2855231582260012     
   1.7065890155872283        1.2893231362750452     
   1.7158639558893327        1.2930949990521481     
   1.7251388961914373        1.2968941822078024     
   1.7344138364935417        1.3007370502588440     
   1.7436887767956464        1.3046059915878196     
   1.7529637170977508        1.3084798697448694     
   1.7622386573998554        1.3123533969036454     
   1.7715135977019598        1.3162261012024685     
   1.7807885380040642        1.3200975037852321     
   1.7900634783061689        1.3239823805158926     
   1.7993384186082733        1.3279011035048289     
   1.8086133589103779        1.3318714471370237     
   1.8178882992124823        1.3359086029938929     
   1.8271632395145869        1.3400307991434111     
   1.8364381798166913        1.3442533791432285     
   1.8457131201187960        1.3485591000623993     
   1.8549880604209004        1.3529029533304655     
   1.8642630007230048        1.3572262957653021     
   1.8735379410251094        1.3614946334198712     
   1.8828128813272138        1.3657083348746686     
   1.8920878216293184        1.3699019625722264     
   1.9013627619314228        1.3741233148307759     
   1.9106377022335275        1.3784205142326462     
   1.9199126425356319        1.3828260786651863     
   1.9291875828377363        1.3873478171871547     
   1.9384625231398409        1.3919631241725852     
   1.9477374634419453        1.3966209218106191     
   1.9570124037440499        1.4012550933369874     
   1.9662873440461544        1.4058126642993878     
   1.9755622843482590        1.4102682399937854     
   1.9848372246503634        1.4146252309690857     
   1.9941121649524678        1.4189053827751408     
   2.0033871052545722        1.4231465371946195     
   2.0126620455566768        1.4274027886609049     
   2.0219369858587815        1.4317450486260228     
   2.0312119261608861        1.4362493439418360     
   2.0404868664629903        1.4409783724655274     
   2.0497618067650949        1.4459746360740104     
   2.0590367470671995        1.4512563136636880     
   2.0683116873693037        1.4567990352369258     
   2.0775866276714083        1.4625486336113753     
   2.0868615679735130        1.4684506526950936     
   2.0961365082756176        1.4744738567565310     
   2.1054114485777218        1.4806316265318593     
   2.1146863888798264        1.4869607150228383     
   2.1239613291819310        1.4934769007584010     
   2.1332362694840352        1.5001726546795811     
   2.1425112097861398        1.5070315419087150     
   2.1517861500882445        1.5140379135692228     
   2.1610610903903491        1.5211811634944703     
   2.1703360306924533        1.5284596934471202     
   2.1796109709945579        1.5358888634042351     
   2.1888859112966625        1.5434892723453550     
   2.1981608515987667        1.5512711973425133     
   2.2074357919008714        1.5592229221080145     
   2.2167107322029760        1.5673148129275434     
   2.2259856725050806        1.5755189798553080     
   2.2352606128071848        1.5838074435752088     
   2.2445355531092894        1.5921457290645393     
   2.2538104934113941        1.6004921169639341     
   2.2630854337134982        1.6088051300150494     
   2.2723603740156029        1.6170448416225298     
   2.2816353143177075        1.6251735541351839     
   2.2909102546198121        1.6331477604745464     
   2.3001851949219163        1.6409376922700480     
   2.3094601352240209        1.6485301999973019     
   2.3187350755261256        1.6559107564641908     
   2.3280100158282298        1.6630663831226000     
   2.3372849561303344        1.6700109573350805     
   2.3465598964324390        1.6767991063359018     
   2.3558348367345436        1.6834977387514023     
   2.3651097770366478        1.6901761658127994     
   2.3743847173387524        1.6968951094029825     
   2.3836596576408571        1.7036866653907294     
   2.3929345979429613        1.7105502323570856     
   2.4022095382450659        1.7174530404390540     
   2.4114844785471705        1.7243366491702325     
   2.4207594188492751        1.7311435527338870     
   2.4300343591513793        1.7378302958859968     
   2.4393092994534840        1.7443703484390618     
   2.4485842397555886        1.7507504286735964     
   2.4578591800576928        1.7569590446805801     
   2.4671341203597974        1.7629930881784284     
   2.4764090606619020        1.7688846036604844     
   2.4856840009640067        1.7747170720189294     
   2.4949589412661108        1.7805357515026690     
   2.5042338815682155        1.7863437990072304     
   2.5135088218703201        1.7921389800801997     
   2.5227837621724243        1.7979251216507126     
   2.5320587024745289        1.8036930368313779     
   2.5413336427766335        1.8094138004200275     
   2.5506085830787382        1.8150478177167160     
   2.5598835233808424        1.8205653869906739     
   2.5691584636829470        1.8259603793009145     
   2.5784334039850516        1.8312548357473479     
   2.5877083442871558        1.8364874266381661     
   2.5969832845892604        1.8416962752183341     
   2.6062582248913650        1.8469040992961474     
   2.6155331651934697        1.8521180081610791     
   2.6248081054955739        1.8573429105184489     
   2.6340830457976785        1.8626026348228208     
   2.6433579860997831        1.8679388746981347     
   2.6526329264018873        1.8733936438957497     
   2.6619078667039919        1.8789909361195907     
   2.6711828070060966        1.8847519162819182     
   2.6804577473082012        1.8906908353470753     
   2.6897326876103054        1.8968113496117478     
   2.6990076279124100        1.9031048091864826     
   2.7082825682145146        1.9095529414158261     
   2.7175575085166188        1.9161293678421119     
   2.7268324488187234        1.9228081446198897     
   2.7361073891208281        1.9295618043586960     
   2.7453823294229327        1.9363712264163881     
   2.7546572697250369        1.9432156438917954     
   2.7639322100271415        1.9500678878734583     
   2.7732071503292461        1.9568981484161672     
   2.7824820906313503        1.9636773888962640     
   2.7917570309334550        1.9703734593814681     
   2.8010319712355596        1.9769315224201436     
   2.8103069115376642        1.9832723357998794     
   2.8195818518397684        1.9893140854347227     
   2.8288567921418730        1.9950113771502329     
   2.8381317324439777        2.0003685984541049     
   2.8474066727460818        2.0054346133613468     
   2.8566816130481865        2.0102873977593245     
   2.8659565533502911        2.0150136914825190     
   2.8752314936523957        2.0196930487975209     
   2.8845064339544999        2.0243913241780236     
   2.8937813742566045        2.0291465367000230     
   2.9030563145587092        2.0339785907501136     
   2.9123312548608133        2.0388988681767093     
   2.9216061951629180        2.0439212088107355     
   2.9308811354650226        2.0490511689788158     
   2.9401560757671272        2.0542869800423422     
   2.9494310160692314        2.0596139128538105     
   2.9587059563713360        2.0649976781104922     
   2.9679808966734407        2.0703883858327066     
   2.9772558369755449        2.0757280167387995     
   2.9865307772776495        2.0809583004783074     
   2.9958057175797541        2.0860297312045368     
   3.0050806578818587        2.0909005991143328     
   3.0143555981839629        2.0955369868839062     
   3.0236305384860676        2.0999163119031450     
   3.0329054787881722        2.1040239130289522     
   3.0421804190902764        2.1078704016928089     
   3.0514553593923810        2.1114808740440969     
   3.0607302996944856        2.1149180072743596     
   3.0700052399965903        2.1182591237293131     
   3.0792801802986944        2.1215700281573806     
   3.0885551206007991        2.1248973924218557     
   3.0978300609029037        2.1282775907471021     
   3.1071050012050079        2.1317421670251120     
   3.1163799415071125        2.1353088749802382     
   3.1256548818092171        2.1389707175828336     
   3.1349298221113218        2.1427015648325352     
   3.1442047624134259        2.1464868583529131     
   3.1534797027155306        2.1503531945804584     
   3.1627546430176352        2.1543542481240894     
   3.1720295833197394        2.1585501849361632     
   3.1813045236218440        2.1629777600224691     
   3.1905794639239486        2.1676487910774216     
   3.1998544042260533        2.1725892043703365     
   3.2091293445281575        2.1778161302531163     
   3.2184042848302621        2.1833288280817325     
   3.2276792251323667        2.1890906491165296     
   3.2369541654344709        2.1950556839201592     
   3.2462291057365755        2.2011581545409382     
   3.2555040460386802        2.2072858735532113     
   3.2647789863407848        2.2133436551788956     
   3.2740539266428890        2.2193164272028154     
   3.2833288669449936        2.2252373913799928     
   3.2926038072470982        2.2311221075654646     
   3.3018787475492024        2.2369691536784768     
   3.3111536878513070        2.2427702536173517     
   3.3204286281534117        2.2485142029134773     
   3.3297035684555163        2.2541993313208692     
   3.3389785087576205        2.2598513116553538     
   3.3482534490597251        2.2655229796531486     
   3.3575283893618297        2.2712844035354842     
   3.3668033296639339        2.2771907551979025     
   3.3760782699660385        2.2832615908245169     
   3.3853532102681432        2.2894812463132967     
   3.3946281505702478        2.2958246288165483     
   3.4039030908723520        2.3022758961837400     
   3.4131780311744566        2.3088226248767025     
   3.4224529714765612        2.3154583213061337     
   3.4317279117786654        2.3222050327893209     
   3.4410028520807701        2.3291220562541386     
   3.4502777923828747        2.3362664026523996     
   3.4595527326849793        2.3436659314572785     
   3.4688276729870835        2.3512874719564114     
   3.4781026132891881        2.3590863530548414     
   3.4873775535912928        2.3670347388540964     
   3.4966524938933969        2.3751198123295074     
   3.5059274341955016        2.3833185939945105     
   3.5152023744976062        2.3915782466532449     
   3.5244773147997108        2.3998310354921548     
   3.5337522551018150        2.4080187804086854     
   3.5430271954039196        2.4161095880164591     
   3.5523021357060243        2.4240884014910278     
   3.5615770760081285        2.4319276608034901     
   3.5708520163102331        2.4395815472478852     
   3.5801269566123377        2.4470140127456181     
   3.5894018969144423        2.4542189235988792     
   3.5986768372165465        2.4611881231332129     
   3.6079517775186511        2.4679078518644828     
   3.6172267178207558        2.4743520598443394     
   3.6265016581228604        2.4805012137260527     
   3.6357765984249646        2.4863801548414166     
   3.6450515387270692        2.4920617487854329     
   3.6543264790291738        2.4976185519608980     
   3.6636014193312780        2.5031081404431661     
   3.6728763596333827        2.5085792645271354     
   3.6821512999354873        2.5140816843364275     
   3.6914262402375919        2.5196921104503334     
   3.7007011805396961        2.5254890460270798     
   3.7099761208418007        2.5315262723925742     
   3.7192510611439054        2.5378207335696708     
   3.7285260014460095        2.5443547221472804     
   3.7378009417481142        2.5510885068503408     
   3.7470758820502188        2.5579707109564449     
   3.7563508223523234        2.5649536116600147     
   3.7656257626544276        2.5719944842586027     
   3.7749007029565322        2.5790657397640553     
   3.7841756432586369        2.5861437586767044     
   3.7934505835607411        2.5931952120815809     
   3.8027255238628457        2.6001848361771889     
   3.8120004641649503        2.6070893924811429     
   3.8212754044670549        2.6139008975560660     
   3.8305503447691591        2.6206284109234792     
   3.8398252850712637        2.6272797579647578     
   3.8491002253733684        2.6338483710763789     
   3.8583751656754726        2.6403044608070467     
   3.8676501059775772        2.6466211042361838     
   3.8769250462796818        2.6528091997260965     
   3.8861999865817864        2.6589010026674882     
   3.8954749268838906        2.6649049051904052     
   3.9047498671859953        2.6707813768461763     
   3.9140248074880999        2.6764586651101241     
   3.9232997477902041        2.6818666858854270     
   3.9325746880923087        2.6869556239008432     
   3.9418496283944133        2.6917060022381381     
   3.9511245686965180        2.6961320477175432     
   3.9603995089986221        2.7002712399496396     
   3.9696744493007268        2.7041832454042765     
   3.9789493896028314        2.7079452111614075     
   3.9882243299049356        2.7116561068543863     
   3.9974992702070402        2.7154244494855506     
   4.0067742105091444        2.7193695188040929     
   4.0160491508112495        2.7235845169824211     
   4.0253240911133537        2.7281131600694790     
   4.0345990314154578        2.7329659962043986     
   4.0438739717175629        2.7381235555729218     
   4.0531489120196671        2.7435393590724946     
   4.0624238523217722        2.7491426246133850     
   4.0716987926238764        2.7548721085370405     
   4.0809737329259805        2.7606839094548650     
   4.0902486732280856        2.7665450574823778     
   4.0995236135301898        2.7724158688084262     
   4.1087985538322940        2.7782335619913825     
   4.1180734941343990        2.7839648611507606     
   4.1273484344365032        2.7896628507606285     
   4.1366233747386074        2.7953774853695226     
   4.1458983150407125        2.8011104778970179     
   4.1551732553428167        2.8068697593187752     
   4.1644481956449209        2.8126988718579478     
   4.1737231359470259        2.8186591920292883     
   4.1829980762491301        2.8248146954452102     
   4.1922730165512352        2.8312031640854980     
   4.2015479568533394        2.8378214482420812     
   4.2108228971554436        2.8446382958086733     
   4.2200978374575486        2.8516018446097418     
   4.2293727777596528        2.8586413565627127     
   4.2386477180617570        2.8656625982328525     
   4.2479226583638621        2.8725578226173623     
   4.2571975986659663        2.8792316661375974     
   4.2664725389680704        2.8856159489823416     
   4.2757474792701755        2.8916735848022079     
   4.2850224195722797        2.8973902194053238     
   4.2942973598743839        2.9027829275109602     
   4.3035723001764890        2.9079002312897670     
   4.3128472404785931        2.9127975800577817     
   4.3221221807806982        2.9175390461370978     
   4.3313971210828024        2.9221737708423401     
   4.3406720613849066        2.9267011968221173     
   4.3499470016870116        2.9310828462616403     
   4.3592219419891158        2.9352879976964266     
   4.3684968822912200        2.9393169274485897     
   4.3777718225933251        2.9431978080735983     
   4.3870467628954293        2.9469689162333177     
   4.3963217031975335        2.9506593050462455     
   4.4055966434996385        2.9542848288803554     
   4.4148715838017427        2.9578630710070728     
   4.4241465241038469        2.9614109192953535     
   4.4334214644059520        2.9649375800320743     
   4.4426964047080562        2.9684484905596689     
   4.4519713450101612        2.9719465297029419     
   4.4612462853122654        2.9754139741221746     
   4.4705212256143696        2.9788303551041730     
   4.4797961659164747        2.9821791660975596     
   4.4890711062185789        2.9854513262860225     
   4.4983460465206830        2.9886594575946108     
   4.5076209868227881        2.9918363732346163     
   4.5168959271248923        2.9950212774213916     
   4.5261708674269965        2.9982545048636107     
   4.5354458077291016        3.0015733901804045     
   4.5447207480312057        3.0049991318253810     
   4.5539956883333099        3.0085297086799172     
   4.5632706286354150        3.0121510634642386     
   4.5725455689375192        3.0158710485557139     
   4.5818205092396243        3.0197136064228780     
   4.5910954495417284        3.0236989156793768     
   4.6003703898438326        3.0278083207165523     
   4.6096453301459377        3.0320112388044307     
   4.6189202704480419        3.0363204967551871     
   4.6281952107501461        3.0407957910683336     
   4.6374701510522511        3.0454438357117333     
   4.6467450913543553        3.0501794484452276     
   4.6560200316564595        3.0549266006662168     
   4.6652949719585646        3.0596412385524099     
   4.6745699122606688        3.0642698017721210     
   4.6838448525627729        3.0687629333728417     
   4.6931197928648780        3.0730672606799372     
   4.7023947331669822        3.0771590137234335     
   4.7116696734690873        3.0810463462037849     
   4.7209446137711915        3.0847562645872366     
   4.7302195540732956        3.0883282052474739     
   4.7394944943754007        3.0917899578560322     
   4.7487694346775049        3.0951459463212081     
   4.7580443749796091        3.0983776462701798     
   4.7673193152817142        3.1014639575972232     
   4.7765942555838183        3.1044015442250741     
   4.7858691958859225        3.1072413469888973     
   4.7951441361880276        3.1101006783142315     
   4.8044190764901318        3.1131081541874401     
   4.8136940167922369        3.1163570272426737     
   4.8229689570943410        3.1198989038232687     
   4.8322438973964452        3.1237338341352565     
   4.8415188376985503        3.1278018830638135     
   4.8507937780006545        3.1319922340609074     
   4.8600687183027587        3.1361837205052825     
   4.8693436586048637        3.1402921342000609     
   4.8786185989069679        3.1443025130726716     
   4.8878935392090721        3.1482609154881231     
   4.8971684795111772        3.1522295093903177     
   4.9064434198132814        3.1562239539627637     
   4.9157183601153855        3.1602169734770249     
   4.9249933004174906        3.1641965725227750     
   4.9342682407195948        3.1681923462178325     
   4.9435431810216999        3.1722442376363937     
   4.9528181213238041        3.1763885220797929     
   4.9620930616259082        3.1806582862547845     
   4.9713680019280133        3.1850833900672590     
   4.9806429422301175        3.1896775676620615     
   4.9899178825322217        3.1944580406447804     
   4.9991928228343268        3.1994431387304227     
   5.0084677631364309        3.2046537553662557     
   5.0177427034385351        3.2100887228147972     
   5.0270176437406402        3.2157000230735346     
   5.0362925840427444        3.2214283033631541     
   5.0455675243448486        3.2271993986572340     
   5.0548424646469536        3.2329562827915850     
   5.0641174049490578        3.2386553833054368     
   5.0733923452511629        3.2442589677331846     
   5.0826672855532671        3.2497277198785057     
   5.0919422258553713        3.2550339562299824     
   5.1012171661574763        3.2601857461005030     
   5.1104921064595805        3.2652383099237583     
   5.1197670467616847        3.2702653157928294     
   5.1290419870637898        3.2753253510440947     
   5.1383169273658940        3.2804413971583242     
   5.1475918676679981        3.2855986743097545     
   5.1568668079701032        3.2907441620640823     
   5.1661417482722074        3.2958093233397174     
   5.1754166885743116        3.3006950722624797     
   5.1846916288764167        3.3052975862308007     
   5.1939665691785208        3.3095928317526293     
   5.2032415094806259        3.3136872276439475     
   5.2125164497827301        3.3177159042665298     
   5.2217913900848343        3.3217284594039302     
   5.2310663303869394        3.3256935503897989     
   5.2403412706890435        3.3295840192567367     
   5.2496162109911477        3.3334109134920942     
   5.2588911512932528        3.3372038243728910     
   5.2681660915953570        3.3410012172216557     
   5.2774410318974612        3.3448328628908341     
   5.2867159721995662        3.3486978824790610     
   5.2959909125016704        3.3525644179195173     
   5.3052658528037746        3.3564135021773649     
   5.3145407931058797        3.3602536546520594     
   5.3238157334079839        3.3641083389149888     
   5.3330906737100889        3.3679697246895302     
   5.3423656140121931        3.3717991979330821     
   5.3516405543142973        3.3755449781081905     
   5.3609154946164024        3.3791865389528768     
   5.3701904349185066        3.3827461469229383     
   5.3794653752206107        3.3863064146945803     
   5.3887403155227158        3.3899845846800321     
   5.3980152558248200        3.3938925913295539     
   5.4072901961269242        3.3981073938539370     
   5.4165651364290293        3.4026665329021184     
   5.4258400767311334        3.4075736975065776     
   5.4351150170332376        3.4128235460689642     
   5.4443899573353427        3.4184187657423597     
   5.4536648976374469        3.4243336606158126     
   5.4629398379395520        3.4305027176521548     
   5.4722147782416561        3.4368604976003985     
   5.4814897185437603        3.4433633363422418     
   5.4907646588458654        3.4499748392787226     
   5.5000395991479696        3.4566507855149569     
   5.5093145394500738        3.4633625550880507     
   5.5185894797521788        3.4701260202946664     
   5.5278644200542830        3.4769831204670081     
   5.5371393603563872        3.4839561970821524     
   5.5464143006584923        3.4910311525299629     
   5.5556892409605965        3.4981717153631990     
   5.5649641812627006        3.5053395549818926     
   5.5742391215648057        3.5124954914756108     
   5.5835140618669099        3.5196133593605867     
   5.5927890021690150        3.5266880949819996     
   5.6020639424711192        3.5337491452900651     
   5.6113388827732233        3.5408628538624849     
   5.6206138230753284        3.5481092065265716     
   5.6298887633774326        3.5555349232028810     
   5.6391637036795368        3.5631322369235918     
   5.6484386439816419        3.5708758148922199     
   5.6577135842837460        3.5787323887516953     
   5.6669885245858502        3.5866615678242018     
   5.6762634648879553        3.5946326720817541     
   5.6855384051900595        3.6026250099270420     
   5.6948133454921637        3.6106155609523976     
   5.7040882857942687        3.6185697267356236     
   5.7133632260963729        3.6264374819893783     
   5.7226381663984780        3.6341570523179114     
   5.7319131067005822        3.6416774962140477     
   5.7411880470026864        3.6489885050981758     
   5.7504629873047914        3.6561207606524673     
   5.7597379276068956        3.6631138491586079     
   5.7690128679089998        3.6699931350840256     
   5.7782878082111049        3.6767585029222505     
   5.7875627485132091        3.6833710595570346     
   5.7968376888153132        3.6897533677718299     
   5.8061126291174183        3.6958017522060533     
   5.8153875694195225        3.7014361101102624     
   5.8246625097216267        3.7066440216967940     
   5.8339374500237318        3.7114512005939870     
   5.8432123903258359        3.7158904042454695     
   5.8524873306279410        3.7200087928941823     
   5.8617622709300452        3.7238458298888757     
   5.8710372112321494        3.7274220342947380     
   5.8803121515342545        3.7307615151660807     
   5.8895870918363586        3.7339283171055868     
   5.8988620321384628        3.7370337594275882     
   5.9081369724405679        3.7402121531144199     
   5.9174119127426721        3.7436226572239026     
   5.9266868530447763        3.7474429900097768     
   5.9359617933468813        3.7518000503698810     
   5.9452367336489855        3.7567209082207431     
   5.9545116739510897        3.7621371968661759     
   5.9637866142531948        3.7679328103929688     
   5.9730615545552990        3.7739860082806165     
   5.9823364948574040        3.7802103667277538     
   5.9916114351595082        3.7865405560322674     
   6.0008863754616124        3.7929315442072427     
   6.0101613157637175        3.7993404890111484     
   6.0194362560658217        3.8057439526423167     
   6.0287111963679259        3.8121394224970730     
   6.0379861366700309        3.8185265616273316     
   6.0472610769721351        3.8249019391902128     
   6.0565360172742393        3.8312674637965278     
   6.0658109575763444        3.8376060613777954     
   6.0750858978784485        3.8438529194852737     
   6.0843608381805527        3.8499253153316735     
   6.0936357784826578        3.8557845371696953     
   6.1029107187847620        3.8614578601495828     
   6.1121856590868671        3.8670242974746611     
   6.1214605993889712        3.8725743287520293     
   6.1307355396910754        3.8781700430537844     
   6.1400104799931805        3.8838455707701574     
   6.1492854202952847        3.8896161711637465     
   6.1585603605973889        3.8954858200355913     
   6.1678353008994939        3.9014843673730124     
   6.1771102412015981        3.9076766911276604     
   6.1863851815037023        3.9140849083907012     
   6.1956601218058074        3.9206753505439420     
   6.2049350621079116        3.9273730666115392     
   6.2142100024100158        3.9340670846451378     
   6.2234849427121208        3.9406243116091826     
   6.2327598830142250        3.9469471313451785     
   6.2420348233163301        3.9530478584681621     
   6.2513097636184343        3.9590216507568328     
   6.2605847039205385        3.9650108405296320     
   6.2698596442226435        3.9711316310652349     
   6.2791345845247477        3.9774316406751002     
   6.2884095248268519        3.9839005309305042     
   6.2976844651289570        3.9905193936548864     
   6.3069594054310611        3.9972876024283694     
   6.3162343457331653        4.0041941440207305     
   6.3255092860352704        4.0112492950248990     
   6.3347842263373746        4.0184976885848371     
   6.3440591666394788        4.0260188780057291     
   6.3533341069415838        4.0338739471554037     
   6.3626090472436880        4.0420375354312519     
   6.3718839875457931        4.0503941195373239     
   6.3811589278478973        4.0587847177828058     
   6.3904338681500015        4.0670695591868302     
   6.3997088084521065        4.0751474280962938     
   6.4089837487542107        4.0829589829034356     
   6.4182586890563149        4.0905207642624122     
   6.4275336293584200        4.0979252600112392     
   6.4368085696605242        4.1052511585344291     
   6.4460835099626284        4.1125040183856152     
   6.4553584502647334        4.1196428194931132     
   6.4646333905668376        4.1266281263616564     
   6.4739083308689418        4.1334678186068272     
   6.4831832711710469        4.1402176193417839     
   6.4924582114731511        4.1469726182687392     
   6.5017331517752561        4.1538139260093088     
   6.5110080920773603        4.1608125586213891     
   6.5202830323794645        4.1680215262619580     
   6.5295579726815696        4.1754491890606680     
   6.5388329129836738        4.1830246577640944     
   6.5481078532857779        4.1906071538951206     
   6.5573827935878830        4.1980610559502454     
   6.5666577338899872        4.2052871459971630     
   6.5759326741920914        4.2122098927915186     
   6.5852076144941964        4.2187813602634465     
   6.5944825547963006        4.2249870860974390     
   6.6037574950984048        4.2308156279972780     
   6.6130324354005099        4.2362399705028908     
   6.6223073757026141        4.2412282427007879     
   6.6315823160047191        4.2457620396717077     
   6.6408572563068233        4.2498649423903831     
   6.6501321966089275        4.2536194161516807     
   6.6594071369110326        4.2571586814020739     
   6.6686820772131368        4.2606353816546116     
   6.6779570175152410        4.2641862319253168     
   6.6872319578173460        4.2678867782174956     
   6.6965068981194502        4.2717466372724564     
   6.7057818384215544        4.2757251756633199     
   6.7150567787236595        4.2797753596552903     
   6.7243317190257637        4.2838551295770575     
   6.7336066593278678        4.2879509339892667     
   6.7428815996299729        4.2920905260838866     
   6.7521565399320771        4.2963056068845384     
   6.7614314802341822        4.3006005596134385     
   6.7707064205362864        4.3049621295994758     
   6.7799813608383905        4.3093808131778841     
   6.7892563011404956        4.3138259806353165     
   6.7985312414425998        4.3182388594575638     
   6.8078061817447040        4.3225760384988936     
   6.8170811220468090        4.3268674671986158     
   6.8263560623489132        4.3311946090998541     
   6.8356310026510174        4.3356268125165327     
   6.8449059429531225        4.3402008236590870     
   6.8541808832552267        4.3449443174928657     
   6.8634558235573309        4.3498992449136553     
   6.8727307638594359        4.3551127150811721     
   6.8820057041615401        4.3606285566769918     
   6.8912806444636452        4.3664724522355653     
   6.9005555847657494        4.3726614123208956     
   6.9098305250678536        4.3791910928350877     
   6.9191054653699586        4.3860296982968245     
   6.9283804056720628        4.3931310868256048     
   6.9376553459741670        4.4004584669763975     
   6.9469302862762721        4.4080067789929860     
   6.9562052265783763        4.4158007466200955     
   6.9654801668804804        4.4238802385235951     
   6.9747551071825855        4.4322844358253661     
   6.9840300474846897        4.4410358155714311     
   6.9933049877867939        4.4501153994729901     
   7.0025799280888990        4.4594758721300858     
   7.0118548683910031        4.4690536196305013     
   7.0211298086931082        4.4787730445031491     
   7.0304047489952124        4.4885259055160587     
   7.0396796892973166        4.4981666107346570     
   7.0489546295994217        4.5075643624491226     
   7.0582295699015258        4.5166420487431660     
   7.0675045102036300        4.5253904879610065     
   7.0767794505057351        4.5338616684776314     
   7.0860543908078393        4.5421580102637069     
   7.0953293311099435        4.5503932826679439     
   7.1046042714120485        4.5586416490350183     
   7.1138792117141527        4.5669107269161424     
   7.1231541520162569        4.5751812395527853     
   7.1324290923183620        4.5834635152747767     
   7.1417040326204662        4.5918089511738325     
   7.1509789729225712        4.6002718126576685     
   7.1602539132246754        4.6088827562930552     
   7.1695288535267796        4.6176526965928879     
   7.1788037938288847        4.6265843527399886     
   7.1880787341309889        4.6356793686571427     
   7.1973536744330930        4.6449207566243675     
   7.2066286147351981        4.6542721605782598     
   7.2159035550373023        4.6636785616089158     
   7.2251784953394065        4.6730842356338860     
   7.2344534356415116        4.6823858229584117     
   7.2437283759436157        4.6916633620521146     
   7.2530033162457208        4.7010299176423942     
   7.2622782565478250        4.7106241305083358     
   7.2715531968499292        4.7205201004550421     
   7.2808281371520343        4.7306389394264814     
   7.2901030774541384        4.7408330052158467     
   7.2993780177562426        4.7509517159149350     
   7.3086529580583477        4.7608080014982024     
   7.3179278983604519        4.7701248425485367     
   7.3272028386625561        4.7789951399787176     
   7.3364777789646611        4.7874334260717353     
   7.3457527192667653        4.7955371857403346     
   7.3550276595688695        4.8034451304730235     
   7.3643025998709746        4.8112909107880988     
   7.3735775401730788        4.8191212672367962     
   7.3828524804751838        4.8269193861952759     
   7.3921274207772880        4.8346599650120883     
   7.4014023610793922        4.8423243119958652     
   7.4106773013814973        4.8499042523191367     
   7.4199522416836015        4.8573920379462656     
   7.4292271819857056        4.8647863348842355     
   7.4385021222878107        4.8720969854112957     
   7.4477770625899149        4.8793368079310220     
   7.4570520028920191        4.8865165704541536     
   7.4663269431941242        4.8936315365091048     
   7.4756018834962283        4.9006408276261695     
   7.4848768237983325        4.9074744531957046     
   7.4941517641004376        4.9140563150188052     
   7.5034267044025418        4.9203323052499330     
   7.5127016447046469        4.9262764911026853     
   7.5219765850067510        4.9319081436218504     
   7.5312515253088552        4.9372932641119185     
   7.5405264656109603        4.9425182883590288     
   7.5498014059130645        4.9476558749486887     
   7.5590763462151687        4.9527768092969566     
   7.5683512865172737        4.9579303715221856     
   7.5776262268193779        4.9631979588514010     
   7.5869011671214821        4.9686863976954401     
   7.5961761074235872        4.9744562671687271     
   7.6054510477256914        4.9805248999658716     
   7.6147259880277955        4.9869020579148513     
   7.6240009283299006        4.9935738297456060     
   7.6332758686320048        5.0004584488009209     
   7.6425508089341099        5.0074549769991386     
   7.6518257492362141        5.0145011521338798     
   7.6611006895383182        5.0215706506870941     
   7.6703756298404233        5.0286262049673178     
   7.6796505701425275        5.0356090257697437     
   7.6889255104446317        5.0424916479180277     
   7.6982004507467368        5.0493271727500888     
   7.7074753910488409        5.0562066988112839     
   7.7167503313509451        5.0632053241967947     
   7.7260252716530502        5.0703567014246138     
   7.7353002119551544        5.0776348236618896     
   7.7445751522572586        5.0849810087240161     
   7.7538500925593636        5.0923380113522532     
   7.7631250328614678        5.0996869699702998     
   7.7723999731635729        5.1070660940899790     
   7.7816749134656771        5.1145582095301441     
   7.7909498537677813        5.1222745410659529     
   7.8002247940698863        5.1302931670997189     
   7.8094997343719905        5.1386292948767842     
   7.8187746746740947        5.1472296056305931     
   7.8280496149761998        5.1559935475114429     
   7.8373245552783040        5.1648063576395780     
   7.8465994955804081        5.1735477932278799     
   7.8558744358825132        5.1820927954706546     
   7.8651493761846174        5.1903262149038945     
   7.8744243164867216        5.1979497338313934     
   7.8836992567888267        5.2050139195340455     
   7.8929741970909308        5.2117987562471555     
   7.9022491373930359        5.2184153797004571     
   7.9115240776951401        5.2249425972579786     
   7.9207990179972443        5.2314047669156611     
   7.9300739582993494        5.2377716616472911     
   7.9393488986014535        5.2439924051920741     
   7.9486238389035577        5.2500359229531455     
   7.9578987792056628        5.2558570477068471     
   7.9671737195077670        5.2614055556142514     
   7.9764486598098712        5.2666693150048678     
   7.9857236001119762        5.2716551812628918     
   7.9949985404140804        5.2763456615142621     
   8.0042734807161846        5.2807126590736742     
   8.0135484210182888        5.2847652154720990     
   8.0228233613203948        5.2885458557288541     
   8.0320983016224989        5.2921041553368857     
   8.0413732419246031        5.2955158737390970     
   8.0506481822267073        5.2988557623214172     
   8.0599231225288115        5.3021679037279785     
   8.0691980628309157        5.3054619763640005     
   8.0784730031330216        5.3087408253749340     
   8.0877479434351258        5.3120239569744303     
   8.0970228837372300        5.3153563805388879     
   8.1062978240393342        5.3187907434321637     
   8.1155727643414384        5.3223459974205909     
   8.1248477046435443        5.3260088117295608     
   8.1341226449456485        5.3297603334974788     
   8.1433975852477527        5.3335977521256765     
   8.1526725255498569        5.3375328101069499     
   8.1619474658519611        5.3415787333049760     
   8.1712224061540653        5.3457347625565879     
   8.1804973464561712        5.3500092128836476     
   8.1897722867582754        5.3544284989349160     
   8.1990472270603796        5.3590362859223371     
   8.2083221673624838        5.3638719512129311     
   8.2175971076645880        5.3689482474370482     
   8.2268720479666939        5.3742713400290425     
   8.2361469882687981        5.3798576816988168     
   8.2454219285709023        5.3857465915177318     
   8.2546968688730065        5.3919610935432702     
   8.2639718091751106        5.3985011093886390     
   8.2732467494772148        5.4053385755289245     
   8.2825216897793208        5.4124270383939974     
   8.2917966300814250        5.4196907726920651     
   8.3010715703835292        5.4270192373213302     
   8.3103465106856333        5.4342912401273233     
   8.3196214509877375        5.4414021664084480     
   8.3288963912898417        5.4482686724482168     
   8.3381713315919477        5.4548258768348461     
   8.3474462718940519        5.4610337842504775     
   8.3567212121961560        5.4668778628190342     
   8.3659961524982602        5.4723614097272755     
   8.3752710928003644        5.4774620252271538     
   8.3845460331024704        5.4821472731653182     
   8.3938209734045746        5.4859740223050677     
   8.4030959137066787        5.4892733854525453     
   8.4123708540087829        5.4920277151921093     
   8.4216457943108871        5.4942560404517140     
   8.4309207346129913        5.4960668691916199     
   8.4401956749150973        5.4976322014558123     
   8.4494706152172014        5.4991365415286069     
   8.4587455555193056        5.5007558941186474     
   8.4680204958214098        5.5026438009422769     
   8.4772954361235140        5.5048950030409642     
   8.4865703764256200        5.5075478349519749     
   8.4958453167277241        5.5105999359612978     
   8.5051202570298283        5.5140250897263492     
   8.5143951973319325        5.5178132537024576     
   8.5236701376340367        5.5219656734791576     
   8.5329450779361409        5.5264858556399270     
   8.5422200182382468        5.5313631890900377     
   8.5514949585403510        5.5365248012403807     
   8.5607698988424552        5.5418019501318891     
   8.5700448391445594        5.5469865392572979     
   8.5793197794466636        5.5519000649016119     
   8.5885947197487678        5.5564313566757404     
   8.5978696600508737        5.5605367745335679     
   8.6071446003529779        5.5642437285960389     
   8.6164195406550821        5.5675758040506915     
   8.6256944809571863        5.5705688793307901     
   8.6349694212592905        5.5732687956311064     
   8.6442443615613964        5.5757417435155601     
   8.6535193018635006        5.5780036229178585     
   8.6627942421656048        5.5794867645201736     
   8.6720691824677090        5.5809121441520873     
   8.6813441227698132        5.5823923368504813     
   8.6906190630719173        5.5840546606875190     
   8.6998940033740233        5.5859828342230324     
   8.7091689436761275        5.5882142550796292     
   8.7184438839782317        5.5907558417111840     
   8.7277188242803359        5.5935807818357377     
   8.7369937645824400        5.5966491973108186     
   8.7462687048845460        5.5999447124978561     
   8.7555436451866502        5.6033992947206173     
   8.7648185854887544        5.6070678401679510     
   8.7740935257908585        5.6111192896727822     
   8.7833684660929627        5.6156342311444218     
   8.7926434063950669        5.6206960927134588     
   8.8019183466971729        5.6263583066524792     
   8.8111932869992771        5.6324440065706849     
   8.8204682273013812        5.6388086167157860     
   8.8297431676034854        5.6455164773857121     
   8.8390181079055896        5.6524881274289802     
   8.8482930482076938        5.6596343219459015     
   8.8575679885097998        5.6668658736487405     
   8.8668429288119039        5.6741099533118469     
   8.8761178691140081        5.6813165762949351     
   8.8853928094161123        5.6884600164265766     
   8.8946677497182165        5.6955273637763044     
   8.9039426900203225        5.7025276253156125     
   8.9132176303224266        5.7095001894292681     
   8.9224925706245308        5.7159941953333364     
   8.9317675109266350        5.7225939562259658     
   8.9410424512287392        5.7293993421061984     
   8.9503173915308434        5.7363747520749548     
   8.9595923318329493        5.7435062851477570     
   8.9688672721350535        5.7507707955565808     
   8.9781422124371577        5.7581294082152450     
   8.9874171527392619        5.7655360682200998     
   8.9966920930413661        5.7729364547778479     
   9.0059670333434720        5.7802683554046519     
   9.0152419736455762        5.7874530226970666     
   9.0245169139476804        5.7944154679786601     
   9.0337918542497846        5.8011124328513066     
   9.0430667945518888        5.8075245601290844     
   9.0523417348539930        5.8136365038929725     
   9.0616166751560989        5.8194041378360026     
   9.0708916154582031        5.8247854308380660     
   9.0801665557603073        5.8297822022159291     
   9.0894414960624115        5.8344291695210595     
   9.0987164363645157        5.8387713571078832     
   9.1079913766666198        5.8428663419298053     
   9.1172663169687258        5.8467910696391225     
   9.1265412572708300        5.8506470038611518     
   9.1358161975729342        5.8545646894112995     
   9.1450911378750384        5.8586778366421566     
   9.1543660781771425        5.8631032256799527     
   9.1636410184792485        5.8676309949765546     
   9.1729159587813527        5.8723724167612890     
   9.1821908990834569        5.8772777059718582     
   9.1914658393855611        5.8821423857964721     
   9.2007407796876652        5.8872679361035969     
   9.2100157199897694        5.8926894647424426     
   9.2192906602918754        5.8984444861634708     
   9.2285656005939796        5.9045883761512297     
   9.2378405408960838        5.9111824734690908     
   9.2471154811981879        5.9182579931254882     
   9.2563904215002921        5.9257848489993483     
   9.2656653618023981        5.9336949754620445     
   9.2749403021045023        5.9419136512983801     
