         600
  
 Ar    9.5423457721911031        5.4729972015144037        29.794459298520366     
 Ar    7.7783530403392502        7.6319790278015276        30.907695303116629     
 Ar    8.3607873127661900        7.5407269014481217        27.966177487428268     
 Ar    14.247226477191354        18.172244964193073        7.9570001256919847     
 Ar    14.591196422165137        19.154440672258307        5.1412753457102580     
 Ar    12.022731191615351        17.841683443129185        5.9658288979521261     
 Ar    17.077346054082895        22.380313730339626        5.8290963630721233     
 Ar    15.877973037430992        24.570636015553873        4.1672933936964629     
 Ar    14.891482951031159        24.095267443370322        6.9602958576016674     
 Ar    4.9618271919529322        5.8005614614483125        3.7386935638465473     
 Ar    2.9490201740164426        6.4051042246067933        5.8610570825728185     
 Ar    2.9758123510315335        3.7178462873404468        4.5269542800540430     
 Ar    14.596631302547209        11.833833215174550       -6.5994720495392674     
 Ar    12.269762535956671        13.718878457120343       -6.3829846482433314     
 Ar    14.346189410337443        13.647311737850199       -4.2188496881161877     
 Ar    10.030771223070657        24.998243847241678        20.314875051295360     
 Ar    8.9735939559694753        24.602804294087719        23.093957310163066     
 Ar    8.0466460842230720        22.819297424173143        20.866868901993605     
 Ar    16.878471658439512        28.105049191245428        6.7991321138806224     
 Ar    17.462053975348852        29.812276473877695        9.1968398889513185     
 Ar    16.678936399786970        31.088987482799993        6.5974467456879058     
 Ar    30.539251049250009        10.259495362844071        16.296127179529442     
 Ar    33.516091365859346        9.8889096141373667        16.380989343736811     
 Ar    32.298297601856142        12.450947770043234        17.357298396483696     
 Ar    12.404991670361630        40.142407415355741        6.6756248564440943     
 Ar    11.253927517143117        40.396318694851836        9.4348341124524513     
 Ar    9.8245073340766123        38.770167714554873        7.3581979256477092     
 Ar    14.501086127886659        13.930539415052619        16.814553413406738     
 Ar    16.976675236558030        14.757184855689271        15.340393094757575     
 Ar    14.649825393559762        13.604436185839115        13.836224468267284     
 Ar    6.9005384400092193        6.9660852509784519        18.195655244426749     
 Ar    8.1361636860924058        9.6918362665528761        17.983512586814889     
 Ar    5.5138107605214817        9.1277758030902660        16.635276935945353     
 Ar   -2.0805171275082381        18.058174014662544        5.6138497651171564     
 Ar   -2.0626720541679364        20.937517493866974        6.4329220770492670     
 Ar   -1.1905067397869127        18.819492032171613        8.3704497322763025     
 Ar    30.174012692917721        5.1527790236743920        19.351402432221910     
 Ar    29.149400755919817        7.9256910094286450        18.832529049386572     
 Ar    27.267803428768364        5.5907158176641270        18.745976121095911     
 Ar    32.160946173418758        1.1485626336934787       -2.3226380559295645     
 Ar    29.267430057754904        1.3553878983387513       -3.0926124381155509     
 Ar    31.276114570637276       0.32495985555395263       -5.0683160031264185     
 Ar    1.1149863320729034        24.340061252523423        22.413481730346085     
 Ar    6.3904794465859074E-002   25.855409278239552        24.785759990327101     
 Ar    9.5677171856109161E-002   27.149602596498116        22.079078861163509     
 Ar    12.898149245383209        6.5715189838081782      -0.60100106315904778     
 Ar    12.080973716566154        6.2196033732197753        2.2602707424944199     
 Ar    13.718577581823507        4.1082271456975228       0.89627682191649349     
 Ar    20.935559000824480        11.173848696194622        25.580246731948769     
 Ar    19.735479223899766        13.812570446775515        24.794727013152073     
 Ar    21.696063217777400        12.454762479696084        22.974700663177085     
 Ar    6.1408144215520961        26.221541930730314       -2.5472330691342076     
 Ar    6.4421670051764757        25.867434896720020       0.42095036778522726     
 Ar    8.5038496551251228        24.734558861765361       -1.4408279140844085     
 Ar    23.209675105563118        27.106263210732941        19.559979631304881     
 Ar    22.694804394544327        25.060345864679729        17.426053464181297     
 Ar    23.454287997271031        27.862056315107004        16.668661870326336     
 Ar    34.866672768408719        26.520232063221250        11.300545433509480     
 Ar    34.323419143317452        29.475323418864285        11.401682106733933     
 Ar    37.125317998540822        28.483861768815046        10.992313170885792     
 Ar    17.682421644403416        4.1812548188365204        21.303572390371020     
 Ar    18.080602817654647        4.2104702800299556        18.331708893910317     
 Ar    16.950512182138912        1.7749873712466808        19.670116760213268     
 Ar    24.975770617885676        23.995916855923419        12.034559986395159     
 Ar    23.605299764753898        22.793983344471119        9.6534167181173363     
 Ar    26.072502433171774        21.506296893289466        10.773599801004830     
 Ar    8.3372766712204509        6.7063414513978055        11.002694086518156     
 Ar    6.1664339138985707        7.0468336140008585        13.046938233066584     
 Ar    8.7531907644078242        8.5367479353965141        13.345081507481764     
 Ar    34.251022611686672        21.765027434209035        10.255046294357044     
 Ar    34.769434671388836        24.118285777773014        8.4663637154568292     
 Ar    32.343886775835870        22.407772644101694        8.0294799989579815     
 Ar    24.927797779255489        8.2595101966118332        9.2161517764533993     
 Ar    25.609037656288223        11.182569520240285        9.2928991840057371     
 Ar    22.824272188478091        10.310868646663856        8.5962331968629453     
 Ar    12.663129706280696        29.974468095706399        4.3166132025536612     
 Ar    10.225934644284282        31.635868291586615        4.8613267675258882     
 Ar    11.895301966579954        30.628622512223366        7.1413867229643166     
 Ar    24.641523968425894        35.153999887798932        13.832257706701265     
 Ar    24.943207229262601        35.471558420119834        16.802653794630867     
 Ar    23.150792280137853        33.334311361823190        15.698324076938762     
 Ar    6.6326278380640069        21.866576996585998      -0.82922932771778013     
 Ar    4.0438785201828749        23.060143495961341       -1.7589539477161618     
 Ar    4.4422965278394244        22.414238601865261        1.1434797276899462     
 Ar    32.074937300493552        1.3010583994570437        6.8736201277505238     
 Ar    30.460724256790840        2.6102614404192086        4.7112121559515243     
 Ar    30.848035341047044        3.9994444852556907        7.3418344814619454     
 Ar    24.500493742548368        26.466481337394146        7.0063430438924534     
 Ar    26.814764607957450        24.569844372987916        7.2599945648175854     
 Ar    24.287696166893308        23.678269147138337        5.9112262272966305     
 Ar    29.439516748025667        16.093605298984428        28.477220463486454     
 Ar    31.971427342179979        16.167805322538886        26.882764285113527     
 Ar    29.740871899434165        18.069670706409937        26.244267899656307     
 Ar    16.754513510953839        17.590772894865122        21.272588258321985     
 Ar    17.528279367875196        14.697006756948131        21.104296721897839     
 Ar    14.853665286010166        15.483133414296258        22.219403736621725     
 Ar    21.701713154253603       -2.5866071373785955        22.883688511383305     
 Ar    21.676989847760179       -4.5722745533770670        25.134921891001632     
 Ar    19.260968194848903       -4.2611385982606125        23.383894944522229     
 Ar    15.948984488257278        8.3222423993891415        25.702122044195388     
 Ar    14.799497596988504        8.9743155002426853        28.396375709874029     
 Ar    14.635066106983896        6.1736137109042541        27.333810695276973     
 Ar    16.667030006181292        4.3010638813211379        14.877458751823522     
 Ar    16.092863714249397        1.6190918883162322        16.096367815073112     
 Ar    13.855913169347252        3.2519362296189613        14.943156983486373     
 Ar   -4.5851038048795170        11.322194839222341        26.737233666358193     
 Ar   -6.2234766932966430        12.230842026594519        24.391267253558560     
 Ar   -7.4693469791548432        10.531214755295602        26.526480208090334     
 Ar    9.0882287595224227        26.749594290094080        14.394688194604159     
 Ar    11.527987380738866        25.250804215835682        15.291671510471323     
 Ar    8.8945307485162211        24.775655129673087        16.647838534973214     
 Ar    3.5873240522105481        6.6474620968313474        24.875469979988708     
 Ar    6.4854250388124353        6.3360221850862164        25.554675118225020     
 Ar    4.7514058158070585        8.1694905722616618        27.177017642292881     
 Ar    20.900413319263883        9.3227807126317792        28.630921650068995     
 Ar    19.847593939803549        7.6986373667921324        26.339504857196502     
 Ar    22.346860311984951        6.8424217547680897        27.773717249150284     
 Ar    19.533740754658435        14.969731950020545        10.134476127617747     
 Ar    19.730532314496088        13.980426902978936        12.954103852531619     
 Ar    22.221392567071696        14.421267508150466        11.341203101040941     
 Ar    3.1445065549877897        17.038628204793891        14.838319423143171     
 Ar    5.5714217189546105        17.729868574118626        16.462199328681262     
 Ar    5.8702458160182056        16.943844857633646        13.582447155059498     
 Ar    20.798430673802766        3.1208621752124799        33.489833518696074     
 Ar    22.491286125175215        5.5264465438281203        34.089120453141497     
 Ar    20.072387171489815        5.7926420232345119        32.334678140555113     
 Ar    14.911620719323356        2.3505375996828262        28.597209180416186     
 Ar    12.892961010020082        1.4526822104416059        26.568834261791267     
 Ar    12.910329192576762       0.23251308723950367        29.309433968690719     
 Ar    26.496564368632303        14.318844058296010        6.5635064449230054     
 Ar    24.916113616107282        12.607959487909723        4.6895336807045132     
 Ar    23.678155537873725        13.557111554254377        7.2539182103788225     
 Ar    16.953267373490934        35.615114922667843        5.1976729026459552     
 Ar    16.484574816717405        36.025489382049876        8.1330782797947965     
 Ar    14.223077745642790        35.168912040439899        6.3577171950616220     
 Ar    37.295709697330210        16.920827241075767        4.8713149948965890     
 Ar    35.252723432312393        18.443588274339525        6.4549735164518340     
 Ar    34.945209575673644        18.173319889030815        3.4830058401376491     
 Ar   -2.0783356127084174        33.080267625649505        19.368494465355489     
 Ar   0.59793494711808759        33.521196782321553        20.639103786389494     
 Ar   -1.8914529708049324        33.641319584974390        22.308991779066282     
 Ar    17.393160234781256      -0.58484537151004556        27.972423929036452     
 Ar    19.426772893658764       -1.2446824119416988        25.870998020210408     
 Ar    16.585076616644166      -0.68577063709820785        25.088909373494214     
 Ar    28.866891673070452        16.227934465593364        12.013332484626998     
 Ar    26.979030906850198        17.790845916326678        10.277216103281933     
 Ar    27.842437892828048        18.895825349908780        12.929303041163541     
 Ar    9.1535170479077710        20.747574386267331        5.3371427338862443     
 Ar    9.0412801282492410        23.748940106615660        5.1567212723970437     
 Ar    11.651559099534852        22.326892009274609        4.8245825391222565     
 Ar    18.822561983587892        2.5238154274351761        24.205202773850591     
 Ar    15.889627110714805        2.5317788886103805        23.581760063082523     
 Ar    17.058640856833087        4.6771632539734194        25.322661238749660     
 Ar    15.580593128365297        15.990160261253026        10.820291866717309     
 Ar    13.856594939632911        18.317352366719511        11.604624266484688     
 Ar    12.595978306082499        15.824466879695432        10.528742274002267     
 Ar    18.998927668068063        22.589443367010844        18.361441648988151     
 Ar    17.412238906798631        21.631680762024281        16.001030640925151     
 Ar    16.304221072315105        21.332096916729903        18.772781950700224     
 Ar    10.876244450736145        6.6748232015424582        15.703852520983780     
 Ar    13.680226922293114        6.2921044449387837        16.698443467656364     
 Ar    12.403342492377103        9.0040845660812234        16.819825807020869     
 Ar    24.508749068538723        33.631522240744424        9.0577448234025866     
 Ar    22.226094041405688        33.811066271091782        10.981099245702151     
 Ar    21.772402533707893        32.616868995139839        8.2660845374863463     
 Ar    29.270931977788209        35.021100641449770        16.583627466032222     
 Ar    28.949117980189499        34.179538971317527        13.730475536866107     
 Ar    30.494533465296985        32.453823259710909        15.636122568508721     
 Ar    25.013990923345872        18.091333775760425        23.683064247001369     
 Ar    25.303477341820063        21.080875411722481        23.692582969120142     
 Ar    25.479808706886512        19.549062488950160        26.266012944124281     
 Ar    29.737163049159776       -16.592609275944330        31.700065707621388     
 Ar    30.110321543664600       -14.494514115605439        33.784360238141964     
 Ar    27.834828455046015       -16.437115954301635        34.003978457494959     
 Ar    16.208923359191697        27.134061455185524        13.351929660017449     
 Ar    14.842199036917377        25.298559078248058        15.294444634684870     
 Ar    17.392685024937560        24.444481187539168        13.965671381286347     
 Ar    27.853471342827071        31.323101479331495        4.6049589950629972     
 Ar    27.496492780571536        30.180172418552658        7.3546686054996675     
 Ar    27.665488052281798        33.151397560965364        6.9761690369651683     
 Ar    16.004624486183012        7.4530457908826477        22.060083187455870     
 Ar    18.848577821452956        7.7201222506766545        21.145783407807269     
 Ar    17.772348991009380        9.5653258513329469        23.252198124630294     
 Ar   0.89203648144835634        14.158308190694425        4.3460128171241195     
 Ar   0.47253814772812819        11.241484975444013        3.7433906363016409     
 Ar   -1.8329406939608439        12.938784363805802        4.6434153278020256     
 Ar    11.485437611810793        27.830952668798968        19.062112942433107     
 Ar    11.559711856071468        30.794807723972358        18.585553590016360     
 Ar    12.236455132178225        28.898193127848099        16.361843500970721     
 Ar    32.054174015825311        10.066707209013124        20.065468501911386     
 Ar    34.421784987280269        8.2549527844422457        20.360531370987353     
 Ar    34.822011582566532        11.135865504572921        19.625573140810722     
 Ar    15.924500215199982        9.3529397261406757        1.0582790982076111     
 Ar    16.548806575303953        11.783347735458857        2.7020156597438927     
 Ar    14.581745817379490        9.7564488614169189        3.7131740082190210     
 Ar    14.094989639411285        12.450420074043782        7.2850807074318249     
 Ar    11.909965485836926        14.471529204129462        6.9262726562191190     
 Ar    12.586704213070256        12.581249504449820        4.6974715806739979     
 Ar    11.754001183662016        11.358080827731042        20.293134718207675     
 Ar    12.916319182786831        9.0639830792889402        21.839919770372248     
 Ar    14.686320086117760        10.742229293470974        20.093286485896101     
 Ar    4.5997294896369469       -1.1578335523394574        27.682759719314522     
 Ar    3.1944002368244031       -3.7596922860422817        27.165454164667540     
 Ar    5.1136962126938563       -2.6629460213763272        25.137281035973448     
 Ar    2.8498597904668124       0.49762761555972146        17.899601936498190     
 Ar    2.3018932751371834       -1.2797054296880954        15.548337231547899     
 Ar    1.9872040599837708        1.6923935028084012        15.288268968870961     
 Ar    14.281347393284959        26.364976381569807        20.554214570661994     
 Ar    15.914438019866001        28.563653111049174        21.776699975172953     
 Ar    14.786455115546239        28.889658428177007        19.016014354531649     
 Ar    31.909703553807191        12.866957821798300        11.478951440507629     
 Ar    32.465250389710043        15.670683298166802        12.395518886197399     
 Ar    30.887026940362535        13.807816010361053        14.138777700469804     
 Ar    1.4857296389453063        20.557915050889594       0.39484272940107568     
 Ar  -0.18979892169383308        20.914079532978288        2.8556365129148058     
 Ar   -1.5041609134960718        20.628879034496777       0.17400783443664289     
 Ar    26.313197215088959        14.483872253847482        9.9407199710912586     
 Ar    27.607800995409317        12.574596147540722        11.853420339127156     
 Ar    28.861698493896601        13.099470577867461        9.1790460487447767     
 Ar    26.316377380056299        5.0428368369545762        24.224432776432494     
 Ar    28.235165550857499        2.9637450879403562        25.215775447022601     
 Ar    25.538074838899597        3.2422183139370873        26.499682638559996     
 Ar    24.682933919913093        19.571956649501679        20.428156646108462     
 Ar    25.246954094088146        20.025971519125704        17.512818700927440     
 Ar    25.107507174000649        17.231612368155790        18.595513163921861     
 Ar   0.15521009938999478        8.2796066406673088        25.507201521575549     
 Ar   -1.7817766762873741        8.2612402474512034        23.215236562712587     
 Ar   -2.3174134454932100        6.5842379515770366        25.644388442982120     
 Ar    22.913029141775127        27.650249195056073        12.589331219807068     
 Ar    24.184282425855930        30.268626558556011        13.317217067568702     
 Ar    25.104236309761891        28.780927410035964        10.875399888103436     
 Ar    7.5616606412552949        35.191688983449602        16.827981444225998     
 Ar    9.7390469798576600        34.544518087570133        18.786257755310160     
 Ar    7.0089353350700669        33.349529507482941        19.130485653993453     
 Ar    32.751404997458508        12.449049649050643        7.2629447522058417     
 Ar    32.917104048650131        9.9782446303411465        8.9593784381109298     
 Ar    30.845299176403202        10.179490923273249        6.7990255238496680     
 Ar    20.013273806218788        5.8482882233026743        11.914398803416798     
 Ar    20.952569249933696        8.2922647077516647        10.450564526693196     
 Ar    20.959527898067094        8.2454086287091055        13.450190522007723     
 Ar    17.519904798280294        24.662950671324321        22.001392872008580     
 Ar    15.438375368929435        22.932355071990980        23.277198045132636     
 Ar    17.858893580366040        21.689961932528668        22.013544965768720     
 Ar    13.272464298787648        6.0132304710466062        20.470320822189862     
 Ar    11.722716026789216        3.6342762459388660        21.438773505765550     
 Ar    13.682661224475005        3.3350491858714850        19.187294355985902     
 Ar    20.648611720404840        18.183478994790882        16.720452871673903     
 Ar    21.663799528734781        20.290669639706234        18.603924318514711     
 Ar    19.130786164753264        18.811070958317423        19.232134310566167     
 Ar    20.894441018660963        21.152612937027008        7.7149273907458431     
 Ar    18.403560516248902        19.573710094633327        8.2704637303138675     
 Ar    19.840231992116230        19.237682330481693        5.6583596455872263     
 Ar    26.687064373060789        19.315561646856363        33.746469454512393     
 Ar    23.893148559007621        20.149806126034395        33.039836258578895     
 Ar    24.611128436752338        17.237193992453907        33.136832728792804     
 Ar    15.788180311358724        19.271666717456277        30.033148895470934     
 Ar    15.060501622092994        16.361442722402472        30.146490634630261     
 Ar    17.944942377225459        17.182013282865348        30.063913683777567     
 Ar    17.114399109590199        12.368592221953925       -1.6878011943542324     
 Ar    17.996565824734670        11.264289247404005       -4.3411239453698540     
 Ar    17.743075997504160        14.228922304757917       -3.9580601307320240     
 Ar    20.220929545828817        20.812395161891551        29.716917405735121     
 Ar    19.180983116473374        21.343107047547257        32.478944372875290     
 Ar    17.506881380114734        22.035335138717638        30.087667720361111     
 Ar    22.105206265211038        10.925818461726678        33.200771187949812     
 Ar    19.437067934017460        10.188425394340783        32.044425297462418     
 Ar    21.225054055226458        12.108204724581279        30.589234994584576     
 Ar    1.8636600577500519        16.925878038578492        22.574267901531016     
 Ar    4.1175420244953234        15.824800367900025        24.219901884038084     
 Ar    4.3199837184685732        15.847410411137512        21.226813568531330     
 Ar    9.5058744826125707        3.3093330363946274        7.4610492434411464     
 Ar    7.4131168704316881        3.3719887461427747        9.6089518068786681     
 Ar    6.9076815730054939        4.7359432377536272        6.9857916018407415     
 Ar    8.6271069338448410        10.451245830266698        8.6266621182231678     
 Ar    5.6655345032624398        10.979698393348833        8.5577335321590411     
 Ar    7.2256152207227551        11.316048626475741        11.097421454995626     
 Ar    5.8092864053389937        12.502835779562586        4.1949881862905221     
 Ar    8.1773806457117946        14.283571557172591        4.7184591527949280     
 Ar    8.1750265860034865        11.457712389608085        5.7259547251948080     
 Ar    3.2311076817421562        13.778902081085878        26.554801252614428     
 Ar    2.8489451180518999        11.311801380682757        24.874273131457315     
 Ar    2.2401815409267543        11.261986350135022        27.811702033152937     
 Ar    11.029609620058638        19.452659384391104       -1.7461892850690226     
 Ar    12.163545819622126        18.887186204298864       0.97004213492092783     
 Ar    11.031667991117301        21.595253546020935       0.34925721535402865     
 Ar    7.0909616485698832        12.644650259452369        14.498903193318563     
 Ar    6.1071842853234291        13.881815437463713        17.049978624740259     
 Ar    4.1778091723038555        12.542119522291022        15.184070757660711     
 Ar    22.987300180147283        5.0208550556602907        6.5691223754290808     
 Ar    20.348900855838750        5.1515084801486939        7.9958513764484946     
 Ar    22.907951447997242        5.3341277605073580        9.5508189803458468     
 Ar    5.8873760021564676        18.510465414130753        1.4730791065947859     
 Ar    8.3180613962113004        17.089335787692136       0.43251898884813367     
 Ar    8.6060135720544011        19.721274057686550        1.8431928171092571     
 Ar    21.194734215917496        1.8413068783580890        28.573230836309651     
 Ar    18.889079413308529        1.4067088369755190        30.437037598817099     
 Ar    21.433734875666893      -0.13602832746273646        30.817425669232620     
 Ar    4.2794338300228256        28.395171901099882        18.526001735424629     
 Ar    2.9912841032912465        26.058919229798907        19.894377742090036     
 Ar    3.0871049421551273        28.729745070801389        21.257288094219419     
 Ar    1.2932947183103940        3.9363856813129190        23.107427891627530     
 Ar    2.0570353116871529        1.1429138305544109        23.913475004868232     
 Ar    3.9284369042047778        2.7907416670089966        22.245386293531723     
 Ar   -1.1274510397676540        29.127983218035897        5.4916345592013807     
 Ar   -3.5556236881939617E-002   26.664548657341236        6.8282159259380277     
 Ar   -2.9648563465407216        26.867165440610645        6.2132600246647565     
 Ar    9.8556174255089761        12.633443690670376       -2.0600934924801879     
 Ar    11.009223500887952        9.8904857466909544       -1.6773875931496329     
 Ar    10.574266080106984        10.962501537440939       -4.4464969810217134     
 Ar    19.463110175086882        25.760148315802667        11.192021025858939     
 Ar    19.572912587485511        22.961955148997063        10.114706399065840     
 Ar    17.210392880301150        24.709655885367670        9.5113437165991748     
 Ar    31.608201197437317        23.676465192563757        30.987554277372556     
 Ar    31.572907828355095        25.593378978440175        33.304987638455849     
 Ar    33.931982750397417        25.512614941984484        31.464182543773926     
 Ar    13.908963027199558        15.209367405406466        1.7304473179389857     
 Ar    13.180492982868714        12.744661517872554       0.18597903687777451     
 Ar    11.068626831808938        14.758717571043851       0.88141522465899980     
 Ar    25.047546318518634        20.567456665577538        29.572174383988802     
 Ar    27.623779047903891        19.190569200338867        28.883381241956609     
 Ar    25.313089977979484        17.601455223276322        29.948968339135419     
 Ar    20.983299390775827        10.578966966476131        17.008016483919892     
 Ar    19.468935074411093        13.110060313520686        17.546224810246954     
 Ar    18.033347569081318        10.475852882252189        17.538898679638589     
 Ar   -2.4428829615532228        9.3723085253069396        12.112855463335354     
 Ar   -2.6738972036009994        9.0459747891002458        9.1400903544256238     
 Ar   -3.4427874343621161        6.7868250819946727        10.958106183141116     
 Ar   -2.8448746340805138        13.983741564863232        25.453305268968393     
 Ar   -1.2446787406213724        12.201287726150142        27.264000444794391     
 Ar   -1.7103017810945376        11.409616763089154        24.408047515150390     
 Ar    17.552205776209330        25.499838106920453        17.756604959351908     
 Ar    19.297981619234694        27.637390652001304        18.930608435560579     
 Ar    19.768013424047876        26.689328756803771        16.123425345656937     
 Ar    26.300399529675140        26.775213244097475        14.714339323826998     
 Ar    27.028415407244367        27.793355695877793        17.440291666010570     
 Ar    27.350814341556649        29.565995110660083        15.041581812205534     
 Ar    9.0517893342567231       0.96104985119654518       -1.4403454895663645     
 Ar    6.8715751605145856      -0.24608827165500538       0.23528921319635357     
 Ar    9.4366595553445531       -1.7425354161893389      -0.19203145287101273     
 Ar    29.294933864837322        23.166903684913834        27.668478514269147     
 Ar    26.660555666347147        23.336277366472078        26.206297763805246     
 Ar    27.104270378788495        24.943581184271412        28.689340112020531     
 Ar    9.3286688576361456       -2.2110119280713061        20.922638103221882     
 Ar    11.928143557052284       -2.4500738700152076        22.402036799079156     
 Ar    10.413990887396256       0.13955746774521513        22.436192227322245     
 Ar  -0.19390928290182396        20.844355575850972        23.049920316023680     
 Ar   -2.7956970464042046        19.397345871766582        22.625859295603533     
 Ar   -2.6112404894143428        21.582339076450985        24.673301962022286     
 Ar    23.494203287411707        28.296694714453913        32.335104145256196     
 Ar    25.903608491280000        29.503645089271732        33.658132179158429     
 Ar    23.154002916307498        30.164850870943809        34.659383755565287     
 Ar    7.5069448797645935       0.86302288195850474        12.536512761401728     
 Ar    8.9147802566087790        3.4805055677229291        12.945548446124809     
 Ar    9.7533222125543499        1.0654995616327119        14.515452406870818     
 Ar    8.7767647038752354       -4.5353474085636680       -5.3501365265247500     
 Ar    8.0038750805496655       -2.3022688114796455       -3.4976310018324277     
 Ar    10.204205046720482       -4.1927422528136526       -2.7329961761628070     
 Ar    9.3839141180461443        18.764562665321275        15.678302519820484     
 Ar    7.3010441345580857        20.919242282304751        15.804363668444600     
 Ar    7.8560026833726377        19.225506916397148        18.217513976769013     
 Ar    30.503455957601243        8.4361202034995113       0.88153794673841601     
 Ar    31.456468978480888        10.764039367335036      -0.71530513949794561     
 Ar    30.283090015632894        8.3685396709612885       -2.1098028004494789     
 Ar    19.486008990441114        4.9928406379939601        29.109335827588964     
 Ar    16.939878052440179        4.8326244288338982        30.695651428061680     
 Ar    17.813225311427509        7.4503996425085424        29.519675553149824     
 Ar    18.581095255604698        14.222798382987444        3.5835182206847693     
 Ar    18.016943515547979        12.867166304159133        6.2024621381683609     
 Ar    20.634570156089602        14.267790254736770        5.7708516022733924     
 Ar    23.022994096675706        2.8831919539802366        24.026909292947277     
 Ar    21.269822766418304        4.3246696204811821        22.065361648967240     
 Ar    20.891239972848410        4.7482662463510108        25.011083004436571     
 Ar    12.210862665248435        20.379480827198883        22.391535075859423     
 Ar    9.4278197863832300        20.038258038629795        23.461147213807031     
 Ar    10.286940558744124        18.541145889007467        21.007461706000452     
 Ar    6.4990161340469861        12.919428706150610        28.545821748804652     
 Ar    5.7317689298232750        10.466877328058091        30.083221112050662     
 Ar    5.8087192375633014        13.131741886796178        31.458938477678942     
 Ar    22.788197951281326        14.838271319040395        19.246809195807355     
 Ar    24.736195278107516        14.885012834576671        21.528623265327411     
 Ar    21.940002392464109        15.898486823856532        21.921283728450273     
 Ar    17.744618374546189        32.085326975336798        12.133108331454553     
 Ar    19.287370083938441        34.320500035684361        13.405247499205345     
 Ar    18.630517580521133        34.422235217834107        10.479287511904166     
 Ar   -1.0867763315236525        27.024277215493367        30.196452601529778     
 Ar   -2.2720016569578414        29.709302433914239        29.570433425698447     
 Ar   0.56363504834038225        29.105541723896966        28.799286526722796     
 Ar    10.977523224992369        12.838035952873257        17.029421312935899     
 Ar    11.946096588173454        14.822677973480449        19.061063568551504     
 Ar    10.816157242309915        15.776564951490878        16.450825071902841     
 Ar    20.335059085463001        23.400967754099067        23.707867725562494     
 Ar    21.522247802014004        25.086420279723637        21.550597861699334     
 Ar    22.401787504942163        22.242881863658948        21.867416884087390     
 Ar    23.115761680710431       -7.9112119109918426        27.515920139095105     
 Ar    20.134192701099252       -8.0630588518789299        27.801956212360555     
 Ar    21.594563776596768       -10.136920856805542        26.199953472218937     
 Ar    34.888134050760684        22.039199093034739        36.786821889241921     
 Ar    37.545512622253398        23.061322088622710        37.706218840607661     
 Ar    37.390397339027899        20.512709308222068        36.145731238780691     
 Ar    13.783558400966957        22.942527615568785       -4.4356384358561201     
 Ar    11.176523534704740        22.110751950599504       -5.6676847972976958     
 Ar    11.202737519789556        23.497473950670489       -3.0075445184782437     
 Ar    7.9777915314023753        23.539699745650502        9.3035736503206934     
 Ar    7.8162214372277017        22.806954098615293        12.208453193216030     
 Ar    7.6824667530670308        25.687101145498115        11.379661493886461     
 Ar    34.841261149629183        6.7193945568489060       0.12328313362881627     
 Ar    34.076440541448463        9.0098774968428383        1.8945694024085096     
 Ar    32.872169531373082        6.2968661915058100        2.3471126183138336     
 Ar    8.7235527985248229        11.725650145672407        2.0939073350288102     
 Ar    9.5300316466262327        9.0784667974455822        3.2503245970704704     
 Ar    6.6518242627498552        9.6153823219067327        2.5963779964380382     
 Ar    13.127170866734128       -3.1214789258008744       -1.0011105961485900     
 Ar    15.984024311728339       -2.2366754575235568      -0.75968712759892332     
 Ar    13.959313463984916       -1.3344474007541904        1.2546199570682073     
 Ar   0.52021060493732352        4.2378020237577676        26.180195439406575     
 Ar    2.2611131720716364        5.4397634338819412        28.305850099872824     
 Ar    3.2081224115064368        3.0442711987857498        26.768058763873629     
 Ar    9.2895028245069309        34.304280394521548       -5.2775026564623237     
 Ar    8.3562980735360153        35.209838667875893       -7.9815457105770413     
 Ar    6.5255270458201196        33.613625213643573       -6.2207513635998533     
 Ar    32.057174883774266        16.215234496154185        17.358181940228391     
 Ar    30.900095759676063        18.000921640756840        15.242921248668861     
 Ar    30.594997490077638        18.712900543764533        18.147606639711160     
 Ar    23.127921695059719        3.6703395511807462        30.656180064912462     
 Ar    26.089112949213209        3.8473100232197823        31.086526950192788     
 Ar    24.865388672396747        1.2861785022962042        30.115386990009192     
 Ar    8.1467424456682700        17.417389247322241        27.899824389072773     
 Ar    6.9278945854843474        18.549600118398050        25.410822397894623     
 Ar    7.7967038211005182        20.377729554748864        27.625251754827723     
 Ar    21.471622922739400        16.815381285320555        30.793052911736265     
 Ar    21.528576176942316        14.845355936799121        33.056261050633822     
 Ar    21.081001649943062        17.757917909390688        33.618098484748884     
 Ar    24.273682377081730        1.0644599604060991        20.480019651447140     
 Ar    27.054659201929688       0.35207897917343489        21.349172839376340     
 Ar    26.105982676843414      -0.40609469325914027        18.606296999213214     
 Ar    22.138388190353297        2.5637189475393951        4.8080856264054814     
 Ar    24.685453278129717        1.2974473860418647        5.7574082879291826     
 Ar    24.641372871790757        2.8140686166590800        3.1693612637489323     
 Ar    7.7135113507690614        29.355971206587906        6.8621060215831200     
 Ar    4.7468605796100958        29.389769154376527        7.3155736092559724     
 Ar    5.8370023349746436        28.872575952546264        4.5689046487323770     
 Ar    1.0435786327308418        14.087240437811007        20.695577931614913     
 Ar   -1.2330218693912720        15.221785465127757        22.282944194266673     
 Ar    1.1063153334718971        13.982221899160512        23.693970877719551     
 Ar    6.8488707839740979        19.127413941201546        7.8816579696562297     
 Ar    9.0963321221080005        17.191904907484293        7.6560019632164060     
 Ar    8.6780239227528337        18.691431641359848        10.220558813391047     
 Ar    24.902522156893959        18.033836146917697        5.6766883466784845     
 Ar    24.255344944943918        17.551486408661738        8.5631537756694911     
 Ar    25.091024337418435        20.284059157252297        7.6495241018039879     
 Ar    26.296735722149926        23.241375411632948        35.028510909432931     
 Ar    26.414227422876934        25.819507281999780        33.510329048912588     
 Ar    24.559576282142721        23.635828035091443        32.615191075540658     
 Ar    36.309335272418920        24.057777895712718        16.944830448485824     
 Ar    36.281555277914492        25.772241082648936        14.485462687613303     
 Ar    35.847246834979231        22.812751473787461        14.255666058198543     
 Ar    12.126506395246048        36.943366273238297        9.1549645061035427     
 Ar    12.743179506763196        35.116199498635581        11.451552839320573     
 Ar    11.750269098301859        37.898404977481974        11.974493506269841     
 Ar    13.385129197721273        26.247342308406985        9.2626963567634171     
 Ar    13.761354483592907        25.211411101030475        12.069922261470484     
 Ar    10.996180092001801        25.662809655191730        10.996878452898363     
 Ar    17.607054048091275        19.607906528651842        25.904456137387943     
 Ar    19.867308890594028        18.505139152883302        24.255846903044642     
 Ar    17.880918210289394        16.640826087941186        25.512444969412837     
 Ar    18.921509760187284        9.9305078147605013        4.5906010197393092     
 Ar    20.754063935678410        8.5749871585850936        6.5445348311473568     
 Ar    21.701752999887344        10.977579906225280        5.0182745856495412     
 Ar    24.780743819732603        26.841390591442963        26.574019756196591     
 Ar    25.210676749362612        28.213230951107615        29.205746403366831     
 Ar    25.112174284371218        29.820564089815818        26.674583194264063     
 Ar    10.802077802191141        12.388968816377023        11.250340079635635     
 Ar    13.338631311566763        10.982231077119494        10.493122941865836     
 Ar    11.795938999213945        10.089145712345381        12.906442419025108     
 Ar    17.153424710793111        17.239015632805259        4.2524905965502855     
 Ar    14.928980542424306        15.610288309223289        5.4344593547070676     
 Ar    17.305608497988715        16.343760979398958        7.1118554202958606     
 Ar    10.599087515839749        6.1517248597425533        24.103479015741406     
 Ar    12.346275345501862        8.4347292626499097        24.961289784803053     
 Ar    13.572156937312103        5.7937339665378875        24.238482658449197     
 Ar    8.4275592578695022        5.2223002734417889        2.2400782738864411     
 Ar    10.690013889715628        3.8979674328677558        3.7094854333953866     
 Ar    8.4204076417078397        2.2451821894296153        2.6522809205812679     
 Ar    4.3986792021104160        21.213865929146174        20.007051473578542     
 Ar    6.4750312259027423        19.576966160792434        21.425911616016769     
 Ar    3.9078647179178305        20.270286526203446        22.814817223275217     
 Ar    2.5362071348854962        13.167474420891502        33.219400634137109     
 Ar    1.7714697761558529        15.940719458874575        32.360531890900667     
 Ar    2.4585310051850278        13.867985054775682        30.303417643679040     
 Ar    5.8810869103739813        4.4007314208467028       -1.1405992853295932     
 Ar    4.3441775048976554        2.7777823646908422       0.86588142135739188     
 Ar    4.5127740757157726        1.8656399158053230       -1.9871304816131903     
 Ar    3.8995323538789952        17.351767424540764        10.601526718333597     
 Ar    5.2578928004952870        14.713665020931511        11.028165045273782     
 Ar    4.7412957269287244        15.697526447983734        8.2415477642145039     
 Ar    14.144221975154483        17.813441472639742        14.929680230292439     
 Ar    12.528832701519731        18.797115388910250        17.261197006022805     
 Ar    15.268052142333037        17.657540256552664        17.706226341310476     
 Ar    10.839062377128752        21.255914524212951        11.166640695232983     
 Ar    13.455092633973921        21.913095093295585        9.8458478476724132     
 Ar    11.536775123447679        20.026872161022592        8.5183418643271320     
 Ar    16.705885842288012        12.649852942759932        9.9994032399554733     
 Ar    19.107948027284053        11.010766765258339        9.2747137410528229     
 Ar    16.354587371758129        9.9575204273281770        8.7181475996333528     
 Ar    16.455765438509768        21.318504598666809        10.764669124566518     
 Ar    14.895044200884422        21.650362151726505        13.306789477382448     
 Ar    16.857017838644733        19.397375052482065        13.033460133767523     
 Ar    18.107547733620024        30.334972973547167        16.057599022721202     
 Ar    20.864366279197036        30.094778242958018        14.903469349759353     
 Ar    20.501948378864391        30.955262498473179        17.754473267498557     
 Ar   -4.3000495284231235        12.376655883430884        31.776555367263857     
 Ar   -6.5576876816461143        12.582895936024528        29.810928508617774     
 Ar   -6.9118472019513639        13.590533413394896        32.614362483971441     
 Ar    11.942982356734612        18.573345929028640        25.660121480815572     
 Ar    14.649973675453641        17.272677085964993        25.790564651205145     
 Ar    12.688545675518885        16.886453577966797        28.027447290049128     
 Ar   -6.4902312586907813        8.7751414885912009        33.164435843211649     
 Ar   -8.4494302843997335        7.3790311207893655        31.369469169780821     
 Ar   -5.9933987562987960        8.6495576325524386        30.205950111713307     
 Ar    20.546388451580572        29.290163291107376        5.4044560385942617     
 Ar    18.995434574223751        28.641690203443815        2.9203060155375451     
 Ar    19.310636789296534        31.495571464722552        3.7897949969981752     
 Ar    28.579534328680907        29.165394713695026        23.319884089499194     
 Ar    25.941010651811784        28.923128799853330        21.894693167282743     
 Ar    28.391063713626139        27.635841906398348        20.745510121846625     
 Ar    19.761275976296670        21.009786679459005        13.385986714491919     
 Ar    21.960258521360661        20.233718883298739        11.503695282083964     
 Ar    20.327099394934130        18.112209624266452        12.857209031340670     
 Ar    25.222607168078103        15.162072677820559        13.541084635088172     
 Ar    24.119332491881103        17.780537662398576        12.590218976493565     
 Ar    23.434334013175093        16.776010369030391        15.328847155122919     
 Ar  -0.16057355834930584        30.505340666871586        9.2867351620280729     
 Ar  -0.23952028502866590        28.395033550704326        11.422467991692606     
 Ar   -2.3127258967864734        30.563063504208195        11.381299131129587     
 Ar    28.607938846958021        15.444723716230250        19.023258979298426     
 Ar    28.255835326368029        13.838005322065648        16.512984507378135     
 Ar    29.459972054506821        12.569714195016159        18.950503018142214     
 Ar    24.137847183327438        5.6789283012000942        20.268392147231044     
 Ar    21.945972222885196        7.7109371670521138        20.033779753449590     
 Ar    23.200777384961938        7.1594409247930884        22.702361924781801     
 Ar    12.100764506629123        25.924544776063549        1.1351593482161044     
 Ar    11.959405375562906        26.383596060531897        4.0957991487625733     
 Ar    9.6383729688842266        27.132363757492598        2.3487539367700920     
 Ar    17.088413107437656        8.0871495891644525        11.426173317585766     
 Ar    15.592390884071165        7.9318335868171186        14.021657259622888     
 Ar    17.417177959695923        10.249818953039270        13.476546593001288     
 Ar    1.0772469657230623        1.1304169368140848        2.5114543643381997     
 Ar    1.8747183902424325       -1.0654567740792538        4.3953502023456057     
 Ar    2.3630060565855846       -1.3634086988560605        1.4503881851944871     
 Ar    28.606498331525437        2.8530613122165387        33.327313509226258     
 Ar    28.823923842159815        5.7259800274721755        34.164622164434178     
 Ar    30.399957960690486        4.7260981089558198        31.815922928192826     
 Ar    6.0536022356931358        10.048116195538944        24.541133912195978     
 Ar    6.5418173678275249        11.817946416358135        22.190107492688114     
 Ar    6.4195852684605921        8.8442454084659730        21.812833143722795     
 Ar    10.028097835641001        15.216173155553225        22.787791594170933     
 Ar    7.7223618297360712        16.474148197727850        21.336987348114825     
 Ar    8.8998104905373978        13.903386127074914        20.334544107900967     
 Ar    4.9981396743224451        16.925329011321786        29.097403108675099     
 Ar    4.1770264554439107        19.008272613360628        27.094616617560103     
 Ar    2.3164051568801014        18.255631821921529        29.324345685529916     
 Ar    17.635173375820749        25.974725977242162        31.728518807685223     
 Ar    20.281124966297721        24.662422476441012        31.208424089598445     
 Ar    19.992181493434682        27.632002313282477        30.895194642180982     
 Ar    18.645578643176680       -4.9328367663680250        27.522440280096188     
 Ar    16.550948582707530       -6.4524084291394406        26.004012527775355     
 Ar    15.884546381995658       -5.2247352179054607        28.658956332613318     
 Ar    2.7666390851574936        3.1072174574340217        8.7080106012511092     
 Ar    4.4958377027918175       0.65878905673326582        8.6065416042763978     
 Ar    3.7071389744058036        1.8266383427498958        11.254964260020538     
 Ar  -0.35727584790498879       -1.8773536845749854        18.994266725057575     
 Ar  -0.92180875912307592       -2.8122089940642976        16.200401641638916     
 Ar  -0.57295253422843739       -4.8165461475398779        18.379523527021142     
 Ar  -0.89604645488877366        22.261614092268527        18.242729442659623     
 Ar   -1.6533839021438117        24.022560288373299        20.551588493054016     
 Ar   -3.6825101693595421        22.158554644781116        19.366349919773779     
 Ar    24.185720245443282        6.5994849708870280        15.097533894679859     
 Ar    25.456920600846750        7.9767335191797732        12.763041533180511     
 Ar    27.083426835451821        7.3467635663854720        15.203954122984999     
 Ar    26.350810862193860        10.781246160838288        15.735733274726647     
 Ar    24.597966518000892        12.806888758134576        17.083435186487474     
 Ar    24.013390396045221        11.953383673830315        14.267068053783092     
 Ar    13.382694092925371        31.339166654603080        10.337377608739930     
 Ar    11.317323881628401        29.202439159019818        10.728695401680552     
 Ar    10.472561666021097        31.996928436392032        10.037870924480151     
 Ar    31.547624469399434        7.7883566351260196        13.922538646791203     
 Ar    32.259501825243504        5.2517178587063826        12.489331326560823     
 Ar    33.387063519022618        5.8034294406680358        15.214079549991478     
 Ar    2.8784790807678422       -7.5228496941264886        25.874533933346274     
 Ar    5.1752143270860627       -6.2059204358256919        24.459991542713052     
 Ar    5.6995998142182644       -8.2570350460340389        26.585539381445177     
 Ar    24.676573181714659        15.780605496488679       -5.6219704909205817     
 Ar    22.375037384812014        17.686812003594756       -5.3161468929457358     
 Ar    22.018994942114841        14.784398137187324       -4.6458831644949026     
 Ar    16.732424135091236        7.2562396705614658        5.9423311941313841     
 Ar    16.714832675086654        6.8162301733458053        2.9745347353953000     
 Ar    19.225462012819978        6.3258006412432364        4.5237284910208313     
 Ar    29.495131702723555        7.2732585106428012        5.4106230440606176     
 Ar    27.212756461443824        8.9708738774220418        6.3631857614826810     
 Ar    26.704533329276440        6.1693154430867443        5.4182007608841447     
