 n molecule, bond lenght (mean)                     , standart deviation
           1  0.88103261437949809        2.0835087360142757E-005
           2  0.88104228512699512        5.9125896008984084E-005
           3  0.88102995553508945        3.8536653975238361E-005
           4  0.88105292964179138        1.8177769454305297E-005
           5  0.88107530585628846        2.0862018619606665E-005
           6  0.88098763795319091        5.0609206182645016E-005
           7  0.88113225663465722        1.1121380847084757E-004
           8  0.88109200318517156        7.8470453828302750E-005
           9  0.88105810859576739        1.7209292842757606E-005
          10  0.88101874030416971        1.7587179460601019E-005
          11  0.88110547957513441        7.0050688905494603E-005
          12  0.88107743309870301        6.2430357715341909E-005
          13  0.88110658705857237        1.4471608699368773E-004
          14  0.88103942015795678        7.8734613992717233E-005
          15  0.88106168173302579        4.0698102672920359E-005
          16  0.88113311147295159        7.4185096758928962E-005
          17  0.88108798349191186        5.1068064612766627E-005
          18  0.88104505228456043        1.9475130025272663E-005
          19  0.88094753841208195        1.0519131030802101E-004
          20  0.88103070741440448                            NaN
          21  0.88108423969732186        2.0190100493891002E-005
          22  0.88114446737790397        8.5204545177894995E-005
          23  0.88108245986898615                            NaN
          24  0.88109769540333671        3.4662004082253708E-005
          25  0.88106837782374603        5.1997279700650604E-005
          26  0.88106810922314249        9.8644263212516967E-005
          27  0.88108328295423533        5.0612492753058459E-005
          28  0.88116993771677066        1.1269948658568497E-004
          29  0.88118534323808773        1.9742962801463641E-004
          30  0.88108410969800266        5.0722795768251220E-005
          31  0.88110077710569668        6.7720841353662110E-005
          32  0.88109751299447581        1.3980012148016478E-004
          33  0.88112723097756673        6.7106597137795649E-005
          34  0.88109604262455099        1.0331276555501614E-004
          35  0.88111319571103675        9.3646982588440169E-005
          36  0.88104387874462697        1.8766068306409159E-004
          37  0.88103471398450139        3.3782526620370090E-005
          38  0.88109717668316190        7.6886555593542400E-005
          39  0.88099690212810700        7.4763398127882200E-005
          40  0.88105645999461102        1.7433933640795294E-006
          41  0.88104555124461548        7.3367113163724638E-005
          42  0.88107171554128749        4.4663748021268139E-005
          43  0.88105818004383696        3.6071032162818240E-005
          44  0.88103309536490892        8.5035963036548010E-005
          45  0.88117873855515649        1.6375232101185249E-004
          46  0.88108279143850066        4.5582268193218534E-005
          47  0.88103511346137620        4.4613858602956265E-005
          48  0.88109108284309601        1.8888621933428317E-005
          49  0.88112393516285337        6.5668017559754237E-005
          50  0.88112056601188193        1.0943270272622052E-004
          51  0.88097667720809458        7.4618477185327720E-005
          52  0.88121244935311083        4.2652678644368896E-005
          53  0.88111907791908095        8.5338224450117416E-005
          54  0.88103171471875363        1.7938578761941473E-004
          55  0.88115706881895894        1.4377681688330923E-004
          56  0.88104122722676337        2.4532828388151120E-005
          57  0.88104478434235711        9.4212451361503876E-005
          58  0.88107142523685822        6.6346708509330637E-005
          59  0.88109109009113151        1.3719246222659330E-005
          60  0.88104085205919613        1.1409428476611851E-005
          61  0.88103182102517119        2.2403924733607395E-005
          62  0.88102654598129104        4.3385633870579410E-005
          63  0.88104105195587035        6.8436006371917364E-005
          64  0.88108085100776712        4.9245403886661346E-005
          65  0.88103432499712453        4.1172945676106615E-005
          66  0.88095004621575745        1.2715406473184172E-004
          67  0.88105065188218301        1.2723399204649723E-004
          68  0.88095232607713958        1.9034728176557406E-004
          69  0.88106943400040671        7.8141580186529295E-005
          70  0.88108942551869884        7.2987507927901491E-005
          71  0.88111742930198700        4.3265125467126780E-005
          72  0.88103863857863873        5.7917253020221902E-005
          73  0.88112748191373169        8.4692814793418548E-005
          74  0.88108883239642355        4.6090363063754104E-005
          75  0.88106883642685918        8.6640558266774792E-006
          76  0.88100965368168260        7.6140027288797333E-005
          77  0.88095624088582458        1.0406172270894014E-004
          78  0.88101694560838018        2.4475516819380767E-005
          79  0.88101025554964429        1.2616443325721058E-004
          80  0.88106245777084313        7.0266104094337263E-006
          81  0.88101750135750390        1.3347786137258389E-004
          82  0.88111051598290480        5.0865230568235282E-005
          83  0.88111454686057156        1.0346623188218959E-004
          84  0.88108633411498982        5.1415928332345683E-005
          85  0.88115981968282708        1.5197305428537089E-004
          86  0.88103649600552725        1.7514533981869635E-005
          87  0.88106292505898820        3.4705310342266846E-005
          88  0.88116342820688665        2.3161767445901288E-004
          89  0.88104392176139779        3.8560490406243585E-005
          90  0.88111765487347515        1.1140671832100553E-004
          91  0.88102916905523443        1.0478143929008779E-005
          92  0.88115825830429173        1.3122437039009798E-004
          93  0.88097696671509473        9.4252634881502356E-005
          94  0.88111206343358994        9.1531877914150856E-005
          95  0.88101997500131579        3.1162917365049163E-005
          96  0.88107290615607603        9.3416758873776239E-005
          97  0.88098077481551307        2.5040564034617077E-004
          98  0.88113647964137842        1.3285958128846003E-004
          99  0.88125062755755312        1.0180151369305060E-004
         100  0.88111630327810675        3.6535065408510444E-005
         101  0.88104800571999764        4.0535663506329216E-005
         102  0.88106385452150138        3.4990985813891560E-005
         103  0.88101418455199865        1.3519665530172558E-005
         104  0.88105004079119131        2.3577598309585498E-005
         105  0.88108852535960347        1.0753379864980630E-004
         106  0.88115327448480840        6.0516283958570004E-005
         107  0.88114946218152623        7.2764000437209442E-005
         108  0.88112191175080590        7.4305403981825329E-005
         109  0.88106972783563220        3.2861600856004955E-005
         110  0.88113623928016038        5.0320097346471222E-005
         111  0.88107585601739269        6.7807811957495390E-005
         112  0.88109754021169140        6.0554983515911409E-005
         113  0.88108314573473889        4.2420349898060779E-005
         114  0.88118593422185987        7.1324405792149716E-005
         115  0.88112367309793382        5.5352653228904143E-005
         116  0.88095811708642102        1.0055566691000797E-004
         117  0.88109459615413110        3.8922184315942498E-005
         118  0.88104369226567270        1.1162996627171099E-004
         119  0.88110177574059756        7.7344354102024568E-005
         120  0.88104852162013103        2.1932141401285679E-005
         121  0.88104248216634751        4.6803181158617247E-005
         122  0.88122602510102155        2.3825806637757776E-004
         123  0.88099407305987532        5.8315491800416506E-005
         124  0.88118448345029643        1.2020694960577278E-004
         125  0.88108532741561374        7.4522997241952688E-005
         126  0.88118760962677600        1.6922765364596747E-004
         127  0.88102716564488359        4.0868218322883822E-005
         128  0.88111311553195060        9.5807905725592250E-005
         129  0.88107425533186945        5.7922825141578280E-005
         130  0.88108002580066136                            NaN
         131  0.88106089913090313        7.5109015421787106E-006
         132  0.88107910400875067        7.4137808208140819E-005
         133  0.88101886663106066                            NaN
         134  0.88108971494039434        1.3612166073808876E-004
         135  0.88104327872632615        3.2716521217229292E-005
         136  0.88115545467980638        1.4932573544397724E-004
         137  0.88104570922518433        7.2056403676811422E-005
         138  0.88106394341517369        8.4219984390714194E-005
         139  0.88116457971723394        1.3440537030306483E-004
         140  0.88101207782750335        7.3103924543106767E-005
         141  0.88108210774229967        9.9993270941304917E-005
         142  0.88102521018956359        2.0009711447665938E-005
         143  0.88102814199580715        4.8879473881141763E-005
         144  0.88113615584134453        7.1894237176952719E-005
         145  0.88120075807299347        1.4808103986455458E-004
         146  0.88110396598561502        5.7736733850924890E-005
         147  0.88114627098027454        4.6994299405575762E-005
         148  0.88117804978117908        1.4567215618195933E-004
         149  0.88109353172719074        5.3338090148750271E-005
         150  0.88110276609501226        4.8421585403015942E-005
         151  0.88114149397815777        1.2221679261158243E-004
         152  0.88111440002264541        7.6065419977506843E-005
         153  0.88107261954648719        3.1572334261480699E-005
         154  0.88106406874152221        6.4995908976044441E-005
         155  0.88112906609209818        6.3104572733744637E-005
         156  0.88106638863492348        7.0491744825316508E-005
         157  0.88107133664318749        5.7245456448590843E-005
         158  0.88113073928383312        9.2523951040985258E-005
         159  0.88108911052181771        8.0522286232738343E-005
         160  0.88111598268574109        4.3350729030314385E-005
         161  0.88102643195177055        6.2491322691897084E-005
         162  0.88117058491268152        1.3894286192552748E-004
         163  0.88110357329190503        8.7943790000357566E-005
         164  0.88105098546233396        8.7158354506911343E-005
         165  0.88104638105522770        1.5616380646721179E-005
         166  0.88104715209990936        6.2731123997982271E-005
         167  0.88103355009148177        9.7876974631257030E-005
         168  0.88118548452782708        1.1537523125285375E-004
         169  0.88112645089902808        1.0042054241588085E-004
         170  0.88134598148335985        4.2587407018197023E-004
         171  0.88102330675134544        5.0318279004493976E-005
         172  0.88102525286822642        6.6471857628261818E-005
         173  0.88103829341671480        4.3925165488129002E-005
         174  0.88101864487745452        4.3542783916709016E-005
         175  0.88102791796977764        8.9058693799018752E-005
         176  0.88115750474485177        9.4268485860004219E-005
         177  0.88104605542567016        4.6601004191958117E-005
         178  0.88111421129013634        7.3261592506715256E-005
         179  0.88110737042834175        6.7275167349465932E-005
         180  0.88081299645988242        1.7211082173720590E-004
         181  0.88109273408701483        8.2181187383227226E-005
         182  0.88107247680552636        5.6502864038967533E-005
         183  0.88111731118290582        1.1755973631016565E-004
         184  0.88109330979282696        9.4955335601331448E-005
         185  0.88109335704242120        6.3603611033772551E-005
         186  0.88101851391370367        6.7495350610748716E-005
         187  0.88116322656218937        9.1810113478530992E-005
         188  0.88099234984497876        3.8047517142290447E-005
         189  0.88165712270506080        4.1176659900943828E-004
         190  0.88110989083117985        7.7436464590718661E-005
         191  0.88106421964794457        2.5796924805723485E-005
         192  0.88098018667349998        8.8033258475625671E-005
         193  0.88104295662649124        5.0624102666474702E-005
         194  0.88107903464557158        6.6732574913984526E-005
         195  0.88108344359640245        6.5494802712226109E-005
         196  0.88106080340614723        9.3731261002960185E-005
         197  0.88097956622645446        9.9069904900829828E-005
         198  0.88110358005559408        6.6116536863782300E-005
         199  0.88104754879877945        2.4642993983196907E-005
         200  0.88104181825922800        1.5627905062297237E-005
