   9.2749403021045018E-003   3.2499080844606632E-004
   1.8549880604209004E-002   1.3027210005216465E-003
   2.7824820906313504E-002   2.9256148349295894E-003
   3.7099761208418007E-002   5.1719650982778396E-003
   4.6374701510522510E-002   8.0094864615919744E-003
   5.5649641812627007E-002   1.1396329783689230E-002
   6.4924582114731511E-002   1.5282114115496742E-002
   7.4199522416836014E-002   1.9613076952125788E-002
   8.3474462718940518E-002   2.4336769723482331E-002
   9.2749403021045021E-002   2.9408357996083049E-002
  0.10202434332314952        3.4783738854811522E-002
  0.11129928362525401        4.0428155473159928E-002
  0.12057422392735852        4.6324989128040096E-002
  0.12984916422946302        5.2458390302423490E-002
  0.13912410453156754        5.8826429364726721E-002
  0.14839904483367203        6.5432270913836688E-002
  0.15767398513577652        7.2226791217915060E-002
  0.16694892543788104        7.9194698921759399E-002
  0.17622386573998552        8.6284798669916049E-002
  0.18549880604209004        9.3441817844484298E-002
  0.19477374634419453       0.10067897077455119     
  0.20404868664629905       0.10799041626526555     
  0.21332362694840354       0.11536106676257238     
  0.22259856725050803       0.12280275801920543     
  0.23187350755261255       0.13029920377424037     
  0.24114844785471704       0.13785321136492493     
  0.25042338815682152       0.14544878941442338     
  0.25969832845892604       0.15306587181464307     
  0.26897326876103056       0.16069220640168155     
  0.27824820906313508       0.16834903007793908     
  0.28752314936523954       0.17599831453714779     
  0.29679808966734406       0.18366046804287048     
  0.30607302996944857       0.19134031528849887     
  0.31534797027155304       0.19904185846489886     
  0.32462291057365755       0.20671764146952837     
  0.33389785087576207       0.21438887894426600     
  0.34317279117786659       0.22206740165185987     
  0.35244773147997105       0.22972041920453459     
  0.36172267178207557       0.23734517052192633     
  0.37099761208418008       0.24498218379747258     
  0.38027255238628455       0.25267232772755815     
  0.38954749268838906       0.26036790099827756     
  0.39882243299049358       0.26805547813725450     
  0.40809737329259810       0.27581202949261052     
  0.41737231359470256       0.28368538783696545     
  0.42664725389680708       0.29165488921433247     
  0.43592219419891159       0.29972029596726280     
  0.44519713450101606       0.30783634698657197     
  0.45447207480312057       0.31605752406903093     
  0.46374701510522509       0.32437438038618299     
  0.47302195540732961       0.33282465197660582     
  0.48229689570943407       0.34137677747479583     
  0.49157183601153859       0.35012726047681181     
  0.50084677631364305       0.35894396089307873     
  0.51012171661574757       0.36785720402945943     
  0.51939665691785208       0.37678612710986581     
  0.52867159721995660       0.38575720915080325     
  0.53794653752206112       0.39470154820718989     
  0.54722147782416564       0.40365198747648012     
  0.55649641812627015       0.41259864730836732     
  0.56577135842837456       0.42153142152318801     
  0.57504629873047908       0.43046507642593279     
  0.58432123903258359       0.43941782314899142     
  0.59359617933468811       0.44840888277081187     
  0.60287111963679263       0.45744122118058650     
  0.61214605993889715       0.46652791936692722     
  0.62142100024100166       0.47561388526517429     
  0.63069594054310607       0.48463974244014790     
  0.63997088084521059       0.49360275732914932     
  0.64924582114731511       0.50250052632834230     
  0.65852076144941962       0.51133252462404977     
  0.66779570175152414       0.52020461568769116     
  0.67707064205362866       0.52913849069012608     
  0.68634558235573317       0.53819246638192286     
  0.69562052265783758       0.54725436206674738     
  0.70489546295994210       0.55643530820036913     
  0.71417040326204662       0.56560802129591969     
  0.72344534356415113       0.57480549151306104     
  0.73272028386625565       0.58408370031007095     
  0.74199522416836017       0.59347897193193522     
  0.75127016447046469       0.60286877481759227     
  0.76054510477256909       0.61235717208665619     
  0.76982004507467361       0.62183817057500623     
  0.77909498537677813       0.63136901474737550     
  0.78836992567888264       0.64095616663070876     
  0.79764486598098716       0.65060476216090890     
  0.80691980628309168       0.66021311159261198     
  0.81619474658519620       0.66986724117508922     
  0.82546968688730060       0.67963869716447245     
  0.83474462718940512       0.68931826911605942     
  0.84401956749150964       0.69891387065868049     
  0.85329450779361415       0.70834367173860491     
  0.86256944809571867       0.71775376413392400     
  0.87184438839782319       0.72699382443073524     
  0.88111932869992771       0.73606891602419511     
  0.89039426900203211       0.74504904667035821     
  0.89966920930413663       0.75395096138862172     
  0.90894414960624115       0.76272849514695495     
  0.91821908990834566       0.77139699821695895     
  0.92749403021045018       0.77997429467897561     
  0.93676897051255470       0.78834401635043772     
  0.94604391081465922       0.79660626813886737     
  0.95531885111676373       0.80467529173259777     
  0.96459379141886814       0.81261281648538153     
  0.97386873172097266       0.82041192197430024     
  0.98314367202307718       0.82808195379306226     
  0.99241861232518169       0.83559835334706678     
   1.0016935526272861       0.84300506038227885     
   1.0109684929293907       0.85027387208173588     
   1.0202434332314951       0.85751724669084206     
   1.0295183735335998       0.86471618704214581     
   1.0387933138357042       0.87183570966473123     
   1.0480682541378088       0.87894969315910676     
   1.0573431944399132       0.88612697047040168     
   1.0666181347420176       0.89316104545399622     
   1.0758930750441222       0.90013911352086839     
   1.0851680153462266       0.90714786364900668     
   1.0944429556483313       0.91407782160211204     
   1.1037178959504357       0.92106730269118675     
   1.1129928362525403       0.92805042681825300     
   1.1222677765546447       0.93511815360735318     
   1.1315427168567491       0.94225252146510341     
   1.1408176571588537       0.94942963329757712     
   1.1500925974609582       0.95662992515094813     
   1.1593675377630628       0.96377990158819915     
   1.1686424780651672       0.97105413246068017     
   1.1779174183672718       0.97815662713771812     
   1.1871923586693762       0.98525071954775889     
   1.1964672989714806       0.99223148529058147     
   1.2057422392735853       0.99912565549085131     
   1.2150171795756897        1.0059168442597710     
   1.2242921198777943        1.0126280715666116     
   1.2335670601798987        1.0193047560048822     
   1.2428420004820033        1.0258332855944952     
   1.2521169407841077        1.0323842917794253     
   1.2613918810862121        1.0388614324844903     
   1.2706668213883168        1.0453034989204073     
   1.2799417616904212        1.0516668561839804     
   1.2892167019925258        1.0579676830410538     
   1.2984916422946302        1.0642171377828187     
   1.3077665825967348        1.0704204350201183     
   1.3170415228988392        1.0765084057495027     
   1.3263164632009437        1.0826483679447407     
   1.3355914035030483        1.0888158753806252     
   1.3448663438051527        1.0950442899506474     
   1.3541412841072573        1.1013868662777122     
   1.3634162244093617        1.1077471634489566     
   1.3726911647114663        1.1142710871202859     
   1.3819661050135708        1.1209051733774698     
   1.3912410453156752        1.1276768718304551     
   1.4005159856177798        1.1346262872656696     
   1.4097909259198842        1.1416846856808140     
   1.4190658662219888        1.1488962868689301     
   1.4283408065240932        1.1560795609884900     
   1.4376157468261979        1.1633980123642642     
   1.4468906871283023        1.1705333947307957     
   1.4561656274304067        1.1775863468508276     
   1.4654405677325113        1.1845125753789039     
   1.4747155080346157        1.1912815598741888     
   1.4839904483367203        1.1978887687592898     
   1.4932653886388247        1.2045247407874269     
   1.5025403289409294        1.2109695905738469     
   1.5118152692430338        1.2173323499371034     
   1.5210902095451382        1.2235774066498266     
   1.5303651498472428        1.2296658379315681     
   1.5396400901493472        1.2356563548787654     
   1.5489150304514518        1.2415538991412836     
   1.5581899707535563        1.2472968985496451     
   1.5674649110556609        1.2530072022828476     
   1.5767398513577653        1.2586167382544502     
   1.5860147916598697        1.2642901601349554     
   1.5952897319619743        1.2699822693882656     
   1.6045646722640787        1.2757356644530222     
   1.6138396125661834        1.2816688143245698     
   1.6231145528682878        1.2874744027375016     
   1.6323894931703924        1.2934382636368962     
   1.6416644334724968        1.2993165102312718     
   1.6509393737746012        1.3051741299318169     
   1.6602143140767058        1.3109123740547135     
   1.6694892543788102        1.3165868026556231     
   1.6787641946809149        1.3221206710305555     
   1.6880391349830193        1.3276405332178871     
   1.6973140752851239        1.3330830689401292     
   1.7065890155872283        1.3386528491630258     
   1.7158639558893327        1.3443264646113362     
   1.7251388961914373        1.3502761495590576     
   1.7344138364935417        1.3563572245890250     
   1.7436887767956464        1.3627256383038784     
   1.7529637170977508        1.3692948771198128     
   1.7622386573998554        1.3758378513967224     
   1.7715135977019598        1.3824109930414059     
   1.7807885380040642        1.3886955387118096     
   1.7900634783061689        1.3946977906076781     
   1.7993384186082733        1.4003549523467043     
   1.8086133589103779        1.4057785488964454     
   1.8178882992124823        1.4108924895197805     
   1.8271632395145869        1.4158573412706925     
   1.8364381798166913        1.4206316229127063     
   1.8457131201187960        1.4253604137542086     
   1.8549880604209004        1.4300105147670299     
   1.8642630007230048        1.4347931042307056     
   1.8735379410251094        1.4394211912629251     
   1.8828128813272138        1.4439411039730150     
   1.8920878216293184        1.4484291983489883     
   1.9013627619314228        1.4528004104023620     
   1.9106377022335275        1.4570685801087244     
   1.9199126425356319        1.4611292786465133     
   1.9291875828377363        1.4651552549232953     
   1.9384625231398409        1.4690180122250280     
   1.9477374634419453        1.4729475576006463     
   1.9570124037440499        1.4769425727301371     
   1.9662873440461544        1.4811439561254522     
   1.9755622843482590        1.4856532668993248     
   1.9848372246503634        1.4904391255546976     
   1.9941121649524678        1.4955599817208796     
   2.0033871052545722        1.5009288749078145     
   2.0126620455566768        1.5067096831949012     
   2.0219369858587815        1.5126361627764635     
   2.0312119261608861        1.5189450066464389     
   2.0404868664629903        1.5254297920120725     
   2.0497618067650949        1.5321264275783300     
   2.0590367470671995        1.5390792555966655     
   2.0683116873693037        1.5463240272989356     
   2.0775866276714083        1.5536678011478711     
   2.0868615679735130        1.5612234213187317     
   2.0961365082756176        1.5688864870672861     
   2.1054114485777218        1.5767290548982804     
   2.1146863888798264        1.5847414509448661     
   2.1239613291819310        1.5929845945667269     
   2.1332362694840352        1.6013568222638650     
   2.1425112097861398        1.6099063235324829     
   2.1517861500882445        1.6185364455303539     
   2.1610610903903491        1.6272095995206974     
   2.1703360306924533        1.6357292898621809     
   2.1796109709945579        1.6442124216638241     
   2.1888859112966625        1.6522737414820177     
   2.1981608515987667        1.6599900688466100     
   2.2074357919008714        1.6674967307512196     
   2.2167107322029760        1.6746678110611852     
   2.2259856725050806        1.6817152886670397     
   2.2352606128071848        1.6885519650135341     
   2.2445355531092894        1.6952963157213410     
   2.2538104934113941        1.7020083082578681     
   2.2630854337134982        1.7087075855271254     
   2.2723603740156029        1.7154114309885407     
   2.2816353143177075        1.7220408624820602     
   2.2909102546198121        1.7286233495257921     
   2.3001851949219163        1.7352187355472533     
   2.3094601352240209        1.7417327453699560     
   2.3187350755261256        1.7482476601082655     
   2.3280100158282298        1.7546645641076577     
   2.3372849561303344        1.7609346308717329     
   2.3465598964324390        1.7671883397859069     
   2.3558348367345436        1.7733761815697278     
   2.3651097770366478        1.7795564101507455     
   2.3743847173387524        1.7856132090889552     
   2.3836596576408571        1.7915933500129908     
   2.3929345979429613        1.7975451086022494     
   2.4022095382450659        1.8033072883557888     
   2.4114844785471705        1.8088046536999791     
   2.4207594188492751        1.8141909478676947     
   2.4300343591513793        1.8191737261128875     
   2.4393092994534840        1.8243054273045376     
   2.4485842397555886        1.8294482823634757     
   2.4578591800576928        1.8345867382868433     
   2.4671341203597974        1.8397835670383647     
   2.4764090606619020        1.8449571842733925     
   2.4856840009640067        1.8501482185805420     
   2.4949589412661108        1.8554419587763384     
   2.5042338815682155        1.8607761993688980     
   2.5135088218703201        1.8661375748392617     
   2.5227837621724243        1.8717066166451757     
   2.5320587024745289        1.8773880935489220     
   2.5413336427766335        1.8832396939696363     
   2.5506085830787382        1.8892386442380045     
   2.5598835233808424        1.8954554846098279     
   2.5691584636829470        1.9018232060891171     
   2.5784334039850516        1.9084655791170628     
   2.5877083442871558        1.9152391166623048     
   2.5969832845892604        1.9221420436315417     
   2.6062582248913650        1.9290644637581478     
   2.6155331651934697        1.9360454742362712     
   2.6248081054955739        1.9433955052187120     
   2.6340830457976785        1.9506899952594425     
   2.6433579860997831        1.9582549359190944     
   2.6526329264018873        1.9658337612688785     
   2.6619078667039919        1.9735240673003247     
   2.6711828070060966        1.9811715175822238     
   2.6804577473082012        1.9889793385453414     
   2.6897326876103054        1.9967424537009719     
   2.6990076279124100        2.0041934453119072     
   2.7082825682145146        2.0115114440263966     
   2.7175575085166188        2.0185328637368216     
   2.7268324488187234        2.0250306928634156     
   2.7361073891208281        2.0312309930137316     
   2.7453823294229327        2.0369705911671754     
   2.7546572697250369        2.0425378453222471     
   2.7639322100271415        2.0479061710841311     
   2.7732071503292461        2.0532298118256502     
   2.7824820906313503        2.0584101876342205     
   2.7917570309334550        2.0629217199623828     
   2.8010319712355596        2.0678536153566180     
   2.8103069115376642        2.0726890019652018     
   2.8195818518397684        2.0777114800980074     
   2.8288567921418730        2.0826895291392660     
   2.8381317324439777        2.0877010817302386     
   2.8474066727460818        2.0929929653754371     
   2.8566816130481865        2.0984850442282927     
   2.8659565533502911        2.1041215690914390     
   2.8752314936523957        2.1100138478005390     
   2.8845064339544999        2.1160668653653834     
   2.8937813742566045        2.1222658898182067     
   2.9030563145587092        2.1285589193067103     
   2.9123312548608133        2.1348455533857682     
   2.9216061951629180        2.1411563555985738     
   2.9308811354650226        2.1474108834017165     
   2.9401560757671272        2.1536716397997182     
   2.9494310160692314        2.1598393672832827     
   2.9587059563713360        2.1659104048265219     
   2.9679808966734407        2.1720384126369208     
   2.9772558369755449        2.1782446183627444     
   2.9865307772776495        2.1844927354479506     
   2.9958057175797541        2.1909643520471009     
   3.0050806578818587        2.1975160019392899     
   3.0143555981839629        2.2041550120323321     
   3.0236305384860676        2.2109113499641557     
   3.0329054787881722        2.2176888211374237     
   3.0421804190902764        2.2243689427680176     
   3.0514553593923810        2.2310986847530589     
   3.0607302996944856        2.2378305454285603     
   3.0700052399965903        2.2446147419200302     
   3.0792801802986944        2.2513736926205858     
   3.0885551206007991        2.2580070491947839     
   3.0978300609029037        2.2645685186932605     
   3.1071050012050079        2.2709219224881743     
   3.1163799415071125        2.2769982731507286     
   3.1256548818092171        2.2826509852510593     
   3.1349298221113218        2.2879283431245998     
   3.1442047624134259        2.2930319159034918     
   3.1534797027155306        2.2979929790849116     
   3.1627546430176352        2.3028311461184376     
   3.1720295833197394        2.3077990053605864     
   3.1813045236218440        2.3128795971336618     
   3.1905794639239486        2.3181101555910475     
   3.1998544042260533        2.3235280358448063     
   3.2091293445281575        2.3290484177076980     
   3.2184042848302621        2.3347244692270985     
   3.2276792251323667        2.3404920925112247     
   3.2369541654344709        2.3463587431926145     
   3.2462291057365755        2.3523691833682343     
   3.2555040460386802        2.3583629423649337     
   3.2647789863407848        2.3644030563939973     
   3.2740539266428890        2.3704576864875957     
   3.2833288669449936        2.3763907368385806     
   3.2926038072470982        2.3823003341634132     
   3.3018787475492024        2.3881684269074448     
   3.3111536878513070        2.3940891654706791     
   3.3204286281534117        2.4000164873881298     
   3.3297035684555163        2.4060155979710318     
   3.3389785087576205        2.4121739279491674     
   3.3482534490597251        2.4185070017225345     
   3.3575283893618297        2.4248477109358606     
   3.3668033296639339        2.4312508225262954     
   3.3760782699660385        2.4375792556437492     
   3.3853532102681432        2.4439918791912816     
   3.3946281505702478        2.4504962339601288     
   3.4039030908723520        2.4570521446153291     
   3.4131780311744566        2.4635949534282733     
   3.4224529714765612        2.4701820019463439     
   3.4317279117786654        2.4767770276093874     
   3.4410028520807701        2.4833182201858417     
   3.4502777923828747        2.4897357815558960     
   3.4595527326849793        2.4960493569081721     
   3.4688276729870835        2.5023685966412539     
   3.4781026132891881        2.5086360068070195     
   3.4873775535912928        2.5148166355595127     
   3.4966524938933969        2.5210951644699593     
   3.5059274341955016        2.5272841631070775     
   3.5152023744976062        2.5335037784826486     
   3.5244773147997108        2.5398835714358339     
   3.5337522551018150        2.5462091671237412     
   3.5430271954039196        2.5525340087338333     
   3.5523021357060243        2.5590185694121939     
   3.5615770760081285        2.5654041471794242     
   3.5708520163102331        2.5717679113075373     
   3.5801269566123377        2.5781630160797873     
   3.5894018969144423        2.5844020526413298     
   3.5986768372165465        2.5905199047812810     
   3.6079517775186511        2.5965603374183512     
   3.6172267178207558        2.6024619277586809     
   3.6265016581228604        2.6082822294917327     
   3.6357765984249646        2.6141065905545147     
   3.6450515387270692        2.6201423491015916     
   3.6543264790291738        2.6260990666044948     
   3.6636014193312780        2.6321263560140720     
   3.6728763596333827        2.6380851919532047     
   3.6821512999354873        2.6440863415931863     
   3.6914262402375919        2.6500741265853511     
   3.7007011805396961        2.6562764685329578     
   3.7099761208418007        2.6624482272063839     
   3.7192510611439054        2.6686963920843016     
   3.7285260014460095        2.6748242697906615     
   3.7378009417481142        2.6811014634992349     
   3.7470758820502188        2.6871859550166550     
   3.7563508223523234        2.6930976225536885     
   3.7656257626544276        2.6988786294270470     
   3.7749007029565322        2.7044675435829384     
   3.7841756432586369        2.7099406958790722     
   3.7934505835607411        2.7152941562516095     
   3.8027255238628457        2.7206291930581497     
   3.8120004641649503        2.7257460083778668     
   3.8212754044670549        2.7308620111290112     
   3.8305503447691591        2.7358745089354843     
   3.8398252850712637        2.7408023472775374     
   3.8491002253733684        2.7458105324182598     
   3.8583751656754726        2.7507730683345764     
   3.8676501059775772        2.7558431893723876     
   3.8769250462796818        2.7609472260155457     
   3.8861999865817864        2.7661569474164946     
   3.8954749268838906        2.7713522677018738     
   3.9047498671859953        2.7767558531347416     
   3.9140248074880999        2.7820423696813705     
   3.9232997477902041        2.7874041449823594     
   3.9325746880923087        2.7928023440255143     
   3.9418496283944133        2.7981392691095239     
   3.9511245686965180        2.8033935155057823     
   3.9603995089986221        2.8086911781806161     
   3.9696744493007268        2.8138553119437195     
   3.9789493896028314        2.8187613309166495     
   3.9882243299049356        2.8234610257014703     
   3.9974992702070402        2.8278279658410996     
   4.0067742105091444        2.8319296839652854     
   4.0160491508112495        2.8355179212073867     
   4.0253240911133537        2.8388944328805326     
   4.0345990314154578        2.8420825228665683     
   4.0438739717175629        2.8451315242935586     
   4.0531489120196671        2.8483312669824823     
   4.0624238523217722        2.8515192684283011     
   4.0716987926238764        2.8547330311362100     
   4.0809737329259805        2.8579936931116592     
   4.0902486732280856        2.8616256245246112     
   4.0995236135301898        2.8654484119783983     
   4.1087985538322940        2.8695349706485249     
   4.1180734941343990        2.8738320824140620     
   4.1273484344365032        2.8781737769063862     
   4.1366233747386074        2.8827407713496238     
   4.1458983150407125        2.8871846674039463     
   4.1551732553428167        2.8915646978223486     
   4.1644481956449209        2.8957539836582868     
   4.1737231359470259        2.8997526306370269     
   4.1829980762491301        2.9036958726575532     
   4.1922730165512352        2.9077192643929273     
   4.2015479568533394        2.9117599122242983     
   4.2108228971554436        2.9158160387934888     
   4.2200978374575486        2.9197434734497616     
   4.2293727777596528        2.9235967069567277     
   4.2386477180617570        2.9273058666121443     
   4.2479226583638621        2.9309956318852475     
   4.2571975986659663        2.9345567145850109     
   4.2664725389680704        2.9379936071069217     
   4.2757474792701755        2.9416586043449269     
   4.2850224195722797        2.9452920300528644     
   4.2942973598743839        2.9489674159443653     
   4.3035723001764890        2.9528697978368359     
   4.3128472404785931        2.9570079433409631     
   4.3221221807806982        2.9614196043357812     
   4.3313971210828024        2.9662223540666042     
   4.3406720613849066        2.9712037781004650     
   4.3499470016870116        2.9765226235966273     
   4.3592219419891158        2.9820599887021650     
   4.3684968822912200        2.9880545745417155     
   4.3777718225933251        2.9943464963402784     
   4.3870467628954293        3.0009653865690087     
   4.3963217031975335        3.0079156039533812     
   4.4055966434996385        3.0151587115942839     
   4.4148715838017427        3.0226246362276004     
   4.4241465241038469        3.0302884134508328     
   4.4334214644059520        3.0380864016335294     
   4.4426964047080562        3.0458737296437555     
   4.4519713450101612        3.0537342749459451     
   4.4612462853122654        3.0615402339240130     
   4.4705212256143696        3.0692843282214102     
   4.4797961659164747        3.0770066244054473     
   4.4890711062185789        3.0847122647022918     
   4.4983460465206830        3.0924118849964066     
   4.5076209868227881        3.1000971008446938     
   4.5168959271248923        3.1075013807340084     
   4.5261708674269965        3.1146212634057520     
   4.5354458077291016        3.1216434812379497     
   4.5447207480312057        3.1284678721587875     
   4.5539956883333099        3.1352831079073868     
   4.5632706286354150        3.1422269965842817     
   4.5725455689375192        3.1491918204954241     
   4.5818205092396243        3.1562223425454272     
   4.5910954495417284        3.1632479518038439     
   4.6003703898438326        3.1701674291867787     
   4.6096453301459377        3.1770484838968689     
   4.6189202704480419        3.1842402593228032     
   4.6281952107501461        3.1914707014431412     
   4.6374701510522511        3.1986673414156237     
   4.6467450913543553        3.2058044751469192     
   4.6560200316564595        3.2126951948346414     
   4.6652949719585646        3.2196033076630419     
   4.6745699122606688        3.2263344372062002     
   4.6838448525627729        3.2329493040538573     
   4.6931197928648780        3.2394642339077464     
   4.7023947331669822        3.2458173909711210     
   4.7116696734690873        3.2522835822387566     
   4.7209446137711915        3.2587912939406083     
   4.7302195540732956        3.2653155326113206     
   4.7394944943754007        3.2718969822437409     
   4.7487694346775049        3.2784436402348449     
   4.7580443749796091        3.2850295350449583     
   4.7673193152817142        3.2916009953713301     
   4.7765942555838183        3.2981865398204153     
   4.7858691958859225        3.3049137922601513     
   4.7951441361880276        3.3116561373135136     
   4.8044190764901318        3.3182696449446745     
   4.8136940167922369        3.3249444050598491     
   4.8229689570943410        3.3316116064686558     
   4.8322438973964452        3.3382277070446196     
   4.8415188376985503        3.3446660501315617     
   4.8507937780006545        3.3511432678389261     
   4.8600687183027587        3.3573987968091408     
   4.8693436586048637        3.3637094557841429     
   4.8786185989069679        3.3701429531468938     
   4.8878935392090721        3.3766206173850333     
   4.8971684795111772        3.3832348091222557     
   4.9064434198132814        3.3900619622729433     
   4.9157183601153855        3.3969904763621397     
   4.9249933004174906        3.4038849245432004     
   4.9342682407195948        3.4107042268997274     
   4.9435431810216999        3.4174548931962900     
   4.9528181213238041        3.4239456634714203     
   4.9620930616259082        3.4301464972970597     
   4.9713680019280133        3.4362677902713297     
   4.9806429422301175        3.4423769845846635     
   4.9899178825322217        3.4483448200486366     
   4.9991928228343268        3.4544591748677340     
   5.0084677631364309        3.4606430581062839     
   5.0177427034385351        3.4672017546877880     
   5.0270176437406402        3.4739617150273525     
   5.0362925840427444        3.4808986975183687     
   5.0455675243448486        3.4879469309421580     
   5.0548424646469536        3.4952515724687783     
   5.0641174049490578        3.5024359745677014     
   5.0733923452511629        3.5097810592026986     
   5.0826672855532671        3.5171216421601450     
   5.0919422258553713        3.5244787155626067     
   5.1012171661574763        3.5316608323592611     
   5.1104921064595805        3.5387993382023986     
   5.1197670467616847        3.5457945281660357     
   5.1290419870637898        3.5526056398867967     
   5.1383169273658940        3.5594062617767404     
   5.1475918676679981        3.5660744642634654     
   5.1568668079701032        3.5726781032540962     
   5.1661417482722074        3.5793803870934577     
   5.1754166885743116        3.5863354272384571     
   5.1846916288764167        3.5934104397772026     
   5.1939665691785208        3.6007588039264595     
   5.2032415094806259        3.6084914252587761     
   5.2125164497827301        3.6163546028301790     
   5.2217913900848343        3.6243493649011165     
   5.2310663303869394        3.6325581272603018     
   5.2403412706890435        3.6409074786181503     
   5.2496162109911477        3.6491465178257831     
   5.2588911512932528        3.6574140237355102     
   5.2681660915953570        3.6655908056029851     
   5.2774410318974612        3.6736490898421872     
   5.2867159721995662        3.6818813843305014     
   5.2959909125016704        3.6899885428232788     
   5.3052658528037746        3.6979219045243736     
   5.3145407931058797        3.7057266986834905     
   5.3238157334079839        3.7134771189881683     
   5.3330906737100889        3.7212720274510644     
   5.3423656140121931        3.7291211396439681     
   5.3516405543142973        3.7369808468786503     
   5.3609154946164024        3.7450074403659332     
   5.3701904349185066        3.7531813264058482     
   5.3794653752206107        3.7615140367734936     
   5.3887403155227158        3.7700342122394797     
   5.3980152558248200        3.7787413887904724     
   5.4072901961269242        3.7875481465466381     
   5.4165651364290293        3.7965443383932134     
   5.4258400767311334        3.8057389595549882     
   5.4351150170332376        3.8147322430334314     
   5.4443899573353427        3.8236110930460367     
   5.4536648976374469        3.8321989797162126     
   5.4629398379395520        3.8404609176328526     
   5.4722147782416561        3.8484482876907919     
   5.4814897185437603        3.8560504848555213     
   5.4907646588458654        3.8633863188523150     
   5.5000395991479696        3.8705242547763965     
   5.5093145394500738        3.8776257846687412     
   5.5185894797521788        3.8845596459190066     
   5.5278644200542830        3.8916490554093448     
   5.5371393603563872        3.8987655357800941     
   5.5464143006584923        3.9061293663907977     
   5.5556892409605965        3.9136107307473860     
   5.5649641812627006        3.9211701320233994     
   5.5742391215648057        3.9288144804283123     
   5.5835140618669099        3.9368728993081028     
   5.5927890021690150        3.9447133288562024     
   5.6020639424711192        3.9525481432392802     
   5.6113388827732233        3.9604257424206133     
   5.6206138230753284        3.9681548323825306     
   5.6298887633774326        3.9759788841859032     
   5.6391637036795368        3.9836130776176089     
   5.6484386439816419        3.9911555212450951     
   5.6577135842837460        3.9986031544937752     
   5.6669885245858502        4.0059981002623326     
   5.6762634648879553        4.0133165171068272     
   5.6855384051900595        4.0207529195651714     
   5.6948133454921637        4.0281379974241549     
   5.7040882857942687        4.0356111064695002     
   5.7133632260963729        4.0432320053123965     
   5.7226381663984780        4.0508252573025763     
   5.7319131067005822        4.0584656066044404     
   5.7411880470026864        4.0659470805400693     
   5.7504629873047914        4.0732891798318498     
   5.7597379276068956        4.0804984033712124     
   5.7690128679089998        4.0875088214057973     
   5.7782878082111049        4.0943235999228822     
   5.7875627485132091        4.1010388794652037     
   5.7968376888153132        4.1077359709925991     
   5.8061126291174183        4.1144326249299876     
   5.8153875694195225        4.1212298699847079     
   5.8246625097216267        4.1282874069639490     
   5.8339374500237318        4.1356763082399119     
   5.8432123903258359        4.1430824889245850     
   5.8524873306279410        4.1506936661429261     
   5.8617622709300452        4.1583540173655660     
   5.8710372112321494        4.1664600063912811     
   5.8803121515342545        4.1746477188871696     
   5.8895870918363586        4.1829517906586977     
   5.8988620321384628        4.1913371165205522     
   5.9081369724405679        4.1996817900103824     
   5.9174119127426721        4.2080269683178413     
   5.9266868530447763        4.2162218552750517     
   5.9359617933468813        4.2241121109186723     
   5.9452367336489855        4.2318477840723618     
   5.9545116739510897        4.2392019371898657     
   5.9637866142531948        4.2462777083393632     
   5.9730615545552990        4.2530777812663034     
   5.9823364948574040        4.2596566836015359     
   5.9916114351595082        4.2659185667034327     
   6.0008863754616124        4.2719173370881247     
   6.0101613157637175        4.2777841531921625     
   6.0194362560658217        4.2833919289988573     
   6.0287111963679259        4.2889746278145360     
   6.0379861366700309        4.2945270821612649     
   6.0472610769721351        4.3001125695546039     
   6.0565360172742393        4.3057874805123300     
   6.0658109575763444        4.3117157112113524     
   6.0750858978784485        4.3176390688132509     
   6.0843608381805527        4.3237237871424306     
   6.0936357784826578        4.3299491630417890     
   6.1029107187847620        4.3363557167432587     
   6.1121856590868671        4.3429868217343675     
   6.1214605993889712        4.3496384541014601     
   6.1307355396910754        4.3564009662939371     
   6.1400104799931805        4.3633202159800328     
   6.1492854202952847        4.3703575723889783     
   6.1585603605973889        4.3774514160526197     
   6.1678353008994939        4.3847669315847062     
   6.1771102412015981        4.3922657425016816     
   6.1863851815037023        4.3999586422591035     
   6.1956601218058074        4.4077761449006649     
   6.2049350621079116        4.4157330324310777     
   6.2142100024100158        4.4238462972559596     
   6.2234849427121208        4.4319908257619165     
   6.2327598830142250        4.4399157812539629     
   6.2420348233163301        4.4479281480582014     
   6.2513097636184343        4.4557616950929191     
   6.2605847039205385        4.4636003200789265     
   6.2698596442226435        4.4714132523562204     
   6.2791345845247477        4.4791879111475303     
   6.2884095248268519        4.4870031431059711     
   6.2976844651289570        4.4948670818631298     
   6.3069594054310611        4.5029083464982591     
   6.3162343457331653        4.5111274561294410     
   6.3255092860352704        4.5196338767108486     
   6.3347842263373746        4.5286316076853605     
   6.3440591666394788        4.5380918272222255     
   6.3533341069415838        4.5481528157490194     
   6.3626090472436880        4.5585367227259956     
   6.3718839875457931        4.5692500514630217     
   6.3811589278478973        4.5802266238962090     
   6.3904338681500015        4.5915349532389680     
   6.3997088084521065        4.6030799844892343     
   6.4089837487542107        4.6148982927346029     
   6.4182586890563149        4.6269515112113702     
   6.4275336293584200        4.6391465965290921     
   6.4368085696605242        4.6513304913353180     
   6.4460835099626284        4.6633567294363081     
   6.4553584502647334        4.6754816124014926     
   6.4646333905668376        4.6872966929115458     
   6.4739083308689418        4.6989363608878705     
   6.4831832711710469        4.7101573191994097     
   6.4924582114731511        4.7210917381555291     
   6.5017331517752561        4.7315237659506773     
   6.5110080920773603        4.7414319357296106     
   6.5202830323794645        4.7507226628702721     
   6.5295579726815696        4.7593509033531287     
   6.5388329129836738        4.7672003677626105     
   6.5481078532857779        4.7744146513715746     
   6.5573827935878830        4.7810400519373024     
   6.5666577338899872        4.7871813123777649     
   6.5759326741920914        4.7927837092884351     
   6.5852076144941964        4.7980734611715778     
   6.5944825547963006        4.8030944759728049     
   6.6037574950984048        4.8079611668256490     
   6.6130324354005099        4.8125808115253959     
   6.6223073757026141        4.8172852996464020     
   6.6315823160047191        4.8219158958531052     
   6.6408572563068233        4.8264839508665691     
   6.6501321966089275        4.8309316734345282     
   6.6594071369110326        4.8349408995458116     
   6.6686820772131368        4.8392441197320286     
   6.6779570175152410        4.8435250023700833     
   6.6872319578173460        4.8478212360573432     
   6.6965068981194502        4.8522882399049481     
   6.7057818384215544        4.8568694762453282     
   6.7150567787236595        4.8616054354492269     
   6.7243317190257637        4.8664910808158091     
   6.7336066593278678        4.8716063329889305     
   6.7428815996299729        4.8767607268858582     
   6.7521565399320771        4.8821196127431499     
   6.7614314802341822        4.8877209776728279     
   6.7707064205362864        4.8935916863926767     
   6.7799813608383905        4.8995393444477928     
   6.7892563011404956        4.9058711699863071     
   6.7985312414425998        4.9124119972263021     
   6.8078061817447040        4.9193669433441576     
   6.8170811220468090        4.9264475333846773     
   6.8263560623489132        4.9338137988034667     
   6.8356310026510174        4.9414990749421603     
   6.8449059429531225        4.9491826512138868     
   6.8541808832552267        4.9569974621201167     
   6.8634558235573309        4.9647832729199699     
   6.8727307638594359        4.9726505939231460     
   6.8820057041615401        4.9804675661556539     
   6.8912806444636452        4.9882228703542060     
   6.9005555847657494        4.9958086762580498     
   6.9098305250678536        5.0032880976580865     
   6.9191054653699586        5.0106540289507997     
   6.9283804056720628        5.0176480032054958     
   6.9376553459741670        5.0245836335830143     
   6.9469302862762721        5.0314031490507602     
   6.9562052265783763        5.0382024524434996     
   6.9654801668804804        5.0449253462641472     
   6.9747551071825855        5.0517600650009564     
   6.9840300474846897        5.0585714947650100     
   6.9933049877867939        5.0655360455409912     
   7.0025799280888990        5.0724860878529983     
   7.0118548683910031        5.0794800460758047     
   7.0211298086931082        5.0862022457912657     
   7.0304047489952124        5.0927451320494015     
   7.0396796892973166        5.0989143158553949     
   7.0489546295994217        5.1048133088211536     
   7.0582295699015258        5.1106505205271482     
   7.0675045102036300        5.1162869728434757     
   7.0767794505057351        5.1220294323526918     
   7.0860543908078393        5.1279044481164968     
   7.0953293311099435        5.1341074296072975     
   7.1046042714120485        5.1408069149955686     
   7.1138792117141527        5.1481655319266659     
   7.1231541520162569        5.1562038841103082     
   7.1324290923183620        5.1646036750069744     
   7.1417040326204662        5.1727058953496377     
   7.1509789729225712        5.1808636580985130     
   7.1602539132246754        5.1890521948997153     
   7.1695288535267796        5.1970111782163135     
   7.1788037938288847        5.2040906053238780     
   7.1880787341309889        5.2108894421685097     
   7.1973536744330930        5.2170960139767608     
   7.2066286147351981        5.2229009313261523     
   7.2159035550373023        5.2284163931884420     
   7.2251784953394065        5.2336165277803941     
   7.2344534356415116        5.2388113439096884     
   7.2437283759436157        5.2439909402625817     
   7.2530033162457208        5.2490917302790905     
   7.2622782565478250        5.2542613260864384     
   7.2715531968499292        5.2595539845017276     
   7.2808281371520343        5.2648818004494755     
   7.2901030774541384        5.2703094162971658     
   7.2993780177562426        5.2760153985757761     
   7.3086529580583477        5.2818271277726883     
   7.3179278983604519        5.2879297670698397     
   7.3272028386625561        5.2940238304227227     
   7.3364777789646611        5.3001926494092002     
   7.3457527192667653        5.3065710332395417     
   7.3550276595688695        5.3130885573265978     
   7.3643025998709746        5.3198183537614883     
   7.3735775401730788        5.3266536655385908     
   7.3828524804751838        5.3338050217772546     
   7.3921274207772880        5.3410786970556492     
   7.4014023610793922        5.3483644389363905     
   7.4106773013814973        5.3555089404511245     
   7.4199522416836015        5.3625601460351957     
   7.4292271819857056        5.3692728582136491     
   7.4385021222878107        5.3758675072223703     
   7.4477770625899149        5.3821752155283376     
   7.4570520028920191        5.3885579355189623     
   7.4663269431941242        5.3948545321158416     
   7.4756018834962283        5.4011841897746899     
   7.4848768237983325        5.4074619466002334     
   7.4941517641004376        5.4136366860582852     
   7.5034267044025418        5.4195294686895954     
   7.5127016447046469        5.4251466821793670     
   7.5219765850067510        5.4303414847912803     
   7.5312515253088552        5.4351166039237242     
   7.5405264656109603        5.4392865286052388     
   7.5498014059130645        5.4429204536245557     
   7.5590763462151687        5.4459907065465796     
   7.5683512865172737        5.4486359843219345     
   7.5776262268193779        5.4512454612639551     
   7.5869011671214821        5.4533807006710129     
   7.5961761074235872        5.4554546239769079     
   7.6054510477256914        5.4572141451121974     
   7.6147259880277955        5.4590264128938708     
   7.6240009283299006        5.4610459235096052     
   7.6332758686320048        5.4633353483694203     
   7.6425508089341099        5.4659072745028778     
   7.6518257492362141        5.4688589586122172     
   7.6611006895383182        5.4722133433158051     
   7.6703756298404233        5.4759455259270977     
   7.6796505701425275        5.4799962022154931     
   7.6889255104446317        5.4843529927284660     
   7.6982004507467368        5.4889049103219403     
   7.7074753910488409        5.4938057973331338     
   7.7167503313509451        5.4986146568920127     
   7.7260252716530502        5.5035678779289361     
   7.7353002119551544        5.5084531042153664     
   7.7445751522572586        5.5132301304279530     
   7.7538500925593636        5.5179081366451257     
   7.7631250328614678        5.5222391011938248     
   7.7723999731635729        5.5263338045909043     
   7.7816749134656771        5.5302002989591639     
   7.7909498537677813        5.5339997498799010     
   7.8002247940698863        5.5375507656836618     
   7.8094997343719905        5.5408103642717492     
   7.8187746746740947        5.5442953040326630     
   7.8280496149761998        5.5478854929959400     
   7.8373245552783040        5.5514448656066486     
   7.8465994955804081        5.5549840568093058     
   7.8558744358825132        5.5587823841724582     
   7.8651493761846174        5.5626709075226808     
   7.8744243164867216        5.5665889963586803     
   7.8836992567888267        5.5707868182141294     
   7.8929741970909308        5.5754500639393889     
   7.9022491373930359        5.5803859298245682     
   7.9115240776951401        5.5857985527229381     
   7.9207990179972443        5.5917466397025732     
   7.9300739582993494        5.5981773791089102     
   7.9393488986014535        5.6050652418837892     
   7.9486238389035577        5.6122762389082288     
   7.9578987792056628        5.6196883432904094     
   7.9671737195077670        5.6272116053319552     
   7.9764486598098712        5.6346400293308356     
   7.9857236001119762        5.6418989262725905     
   7.9949985404140804        5.6490617595473811     
   8.0042734807161846        5.6560686756692578     
   8.0135484210182888        5.6629451814353855     
   8.0228233613203948        5.6695902400930827     
   8.0320983016224989        5.6765541426965944     
   8.0413732419246031        5.6835082883790378     
   8.0506481822267073        5.6904563616070449     
   8.0599231225288115        5.6975508457912243     
   8.0691980628309157        5.7046116948676069     
   8.0784730031330216        5.7115956563581811     
   8.0877479434351258        5.7186603454884191     
   8.0970228837372300        5.7256825326754202     
   8.1062978240393342        5.7326895252861600     
   8.1155727643414384        5.7396428836685773     
   8.1248477046435443        5.7465238188800560     
   8.1341226449456485        5.7532766699263300     
   8.1433975852477527        5.7598095062943848     
   8.1526725255498569        5.7659106823276289     
   8.1619474658519611        5.7716158150667392     
   8.1712224061540653        5.7768917445333594     
   8.1804973464561712        5.7816361832350864     
   8.1897722867582754        5.7862049952749652     
   8.1990472270603796        5.7904686146542250     
   8.2083221673624838        5.7941430857072653     
   8.2175971076645880        5.7975237316595978     
   8.2268720479666939        5.8007141197553311     
   8.2361469882687981        5.8040521934063012     
   8.2454219285709023        5.8073170788830923     
   8.2546968688730065        5.8106245539043133     
   8.2639718091751106        5.8141222832645498     
   8.2732467494772148        5.8178578595837260     
   8.2825216897793208        5.8217078409499141     
   8.2917966300814250        5.8259781425189949     
   8.3010715703835292        5.8303895327783941     
   8.3103465106856333        5.8350078627856679     
   8.3196214509877375        5.8399010811055687     
   8.3288963912898417        5.8450882403945439     
   8.3381713315919477        5.8504222741722742     
   8.3474462718940519        5.8560123015045225     
   8.3567212121961560        5.8616618139080279     
   8.3659961524982602        5.8671319207438186     
   8.3752710928003644        5.8724308712187012     
   8.3845460331024704        5.8773964112240007     
   8.3938209734045746        5.8822230229556176     
   8.4030959137066787        5.8868204848020724     
   8.4123708540087829        5.8911740035262419     
   8.4216457943108871        5.8953884054094967     
   8.4309207346129913        5.8992726251329346     
   8.4401956749150973        5.9028783432106309     
   8.4494706152172014        5.9064852144078062     
   8.4587455555193056        5.9097252624592578     
   8.4680204958214098        5.9130515298037771     
   8.4772954361235140        5.9163575532152528     
   8.4865703764256200        5.9198011391524252     
   8.4958453167277241        5.9235900463806139     
   8.5051202570298283        5.9277934579700320     
   8.5143951973319325        5.9325317713849053     
   8.5236701376340367        5.9375797987812389     
   8.5329450779361409        5.9430680162773069     
   8.5422200182382468        5.9487784890940718     
   8.5514949585403510        5.9545929026494457     
   8.5607698988424552        5.9603412460336038     
   8.5700448391445594        5.9660077528390154     
   8.5793197794466636        5.9715118470458108     
   8.5885947197487678        5.9765701848473132     
   8.5978696600508737        5.9811548859140018     
   8.6071446003529779        5.9850917746317203     
   8.6164195406550821        5.9886940151822952     
   8.6256944809571863        5.9914276759879010     
   8.6349694212592905        5.9939195608078810     
   8.6442443615613964        5.9964200756279507     
   8.6535193018635006        5.9990451718661228     
   8.6627942421656048        6.0019055692076089     
   8.6720691824677090        6.0051310213815121     
   8.6813441227698132        6.0086634774361363     
   8.6906190630719173        6.0124259400487370     
   8.6998940033740233        6.0163936486675942     
   8.7091689436761275        6.0204228182455113     
   8.7184438839782317        6.0246230155737992     
   8.7277188242803359        6.0290985575106610     
   8.7369937645824400        6.0337082025558404     
   8.7462687048845460        6.0385173755341013     
   8.7555436451866502        6.0432975062713226     
   8.7648185854887544        6.0477028608614667     
   8.7740935257908585        6.0518240499098592     
   8.7833684660929627        6.0555115839971387     
   8.7926434063950669        6.0587331282895951     
   8.8019183466971729        6.0615017349208724     
   8.8111932869992771        6.0638671815599530     
   8.8204682273013812        6.0658661791883368     
   8.8297431676034854        6.0676026591339962     
   8.8390181079055896        6.0692298728126959     
   8.8482930482076938        6.0704550031250033     
   8.8575679885097998        6.0716367978955361     
   8.8668429288119039        6.0729749324653630     
   8.8761178691140081        6.0745409213905894     
   8.8853928094161123        6.0761257821764945     
   8.8946677497182165        6.0778618812543357     
   8.9039426900203225        6.0796635070114693     
   8.9132176303224266        6.0814861171431174     
   8.9224925706245308        6.0832715097980348     
   8.9317675109266350        6.0850553262903864     
   8.9410424512287392        6.0870636418634785     
   8.9503173915308434        6.0890888249298740     
   8.9595923318329493        6.0913478222212207     
   8.9688672721350535        6.0934346745320491     
   8.9781422124371577        6.0954590146782950     
   8.9874171527392619        6.0976149745284411     
   8.9966920930413661        6.1001058863822539     
   9.0059670333434720        6.1028514789145420     
   9.0152419736455762        6.1058027955262215     
   9.0245169139476804        6.1091206580674253     
   9.0337918542497846        6.1125066054009771     
   9.0430667945518888        6.1161933789716061     
   9.0523417348539930        6.1198938285558002     
   9.0616166751560989        6.1234681934992201     
   9.0708916154582031        6.1268578472022313     
   9.0801665557603073        6.1300098723273218     
   9.0894414960624115        6.1329064412650176     
   9.0987164363645157        6.1352306852706411     
   9.1079913766666198        6.1370512618760422     
   9.1172663169687258        6.1383342142290278     
   9.1265412572708300        6.1393989268771874     
   9.1358161975729342        6.1403723637828085     
   9.1450911378750384        6.1412371863390574     
   9.1543660781771425        6.1421040630637265     
   9.1636410184792485        6.1431954285245709     
   9.1729159587813527        6.1447353826943436     
   9.1821908990834569        6.1464065513708119     
   9.1914658393855611        6.1483043466298648     
   9.2007407796876652        6.1504717587797373     
   9.2100157199897694        6.1530503594196446     
   9.2192906602918754        6.1558967726706069     
   9.2285656005939796        6.1588858266759852     
   9.2378405408960838        6.1621755310730153     
   9.2471154811981879        6.1654459723797075     
   9.2563904215002921        6.1688631317055753     
   9.2656653618023981        6.1722535241279308     
   9.2749403021045023        6.1755163879775781     
