   9.2749403021045018E-003   0.0000000000000000     
   1.8549880604209004E-002   0.0000000000000000     
   2.7824820906313504E-002   0.0000000000000000     
   3.7099761208418007E-002   0.0000000000000000     
   4.6374701510522510E-002   0.0000000000000000     
   5.5649641812627007E-002   0.0000000000000000     
   6.4924582114731511E-002   0.0000000000000000     
   7.4199522416836014E-002   0.0000000000000000     
   8.3474462718940518E-002   0.0000000000000000     
   9.2749403021045021E-002   0.0000000000000000     
  0.10202434332314952        0.0000000000000000     
  0.11129928362525401        0.0000000000000000     
  0.12057422392735852        0.0000000000000000     
  0.12984916422946302        0.0000000000000000     
  0.13912410453156754        0.0000000000000000     
  0.14839904483367203        0.0000000000000000     
  0.15767398513577652        0.0000000000000000     
  0.16694892543788104        0.0000000000000000     
  0.17622386573998552        0.0000000000000000     
  0.18549880604209004        0.0000000000000000     
  0.19477374634419453        0.0000000000000000     
  0.20404868664629905        0.0000000000000000     
  0.21332362694840354        0.0000000000000000     
  0.22259856725050803        0.0000000000000000     
  0.23187350755261255        0.0000000000000000     
  0.24114844785471704        0.0000000000000000     
  0.25042338815682152        0.0000000000000000     
  0.25969832845892604        0.0000000000000000     
  0.26897326876103056        0.0000000000000000     
  0.27824820906313508        0.0000000000000000     
  0.28752314936523954        0.0000000000000000     
  0.29679808966734406        0.0000000000000000     
  0.30607302996944857        0.0000000000000000     
  0.31534797027155304        0.0000000000000000     
  0.32462291057365755        0.0000000000000000     
  0.33389785087576207        0.0000000000000000     
  0.34317279117786659        0.0000000000000000     
  0.35244773147997105        0.0000000000000000     
  0.36172267178207557        0.0000000000000000     
  0.37099761208418008        0.0000000000000000     
  0.38027255238628455        0.0000000000000000     
  0.38954749268838906        0.0000000000000000     
  0.39882243299049358        0.0000000000000000     
  0.40809737329259810        0.0000000000000000     
  0.41737231359470256        0.0000000000000000     
  0.42664725389680708        0.0000000000000000     
  0.43592219419891159        0.0000000000000000     
  0.44519713450101606        0.0000000000000000     
  0.45447207480312057        0.0000000000000000     
  0.46374701510522509        0.0000000000000000     
  0.47302195540732961        0.0000000000000000     
  0.48229689570943407        0.0000000000000000     
  0.49157183601153859        0.0000000000000000     
  0.50084677631364305        0.0000000000000000     
  0.51012171661574757        0.0000000000000000     
  0.51939665691785208        0.0000000000000000     
  0.52867159721995660        0.0000000000000000     
  0.53794653752206112        0.0000000000000000     
  0.54722147782416564        0.0000000000000000     
  0.55649641812627015        0.0000000000000000     
  0.56577135842837456        0.0000000000000000     
  0.57504629873047908        0.0000000000000000     
  0.58432123903258359        0.0000000000000000     
  0.59359617933468811        0.0000000000000000     
  0.60287111963679263        0.0000000000000000     
  0.61214605993889715        0.0000000000000000     
  0.62142100024100166        0.0000000000000000     
  0.63069594054310607        0.0000000000000000     
  0.63997088084521059        0.0000000000000000     
  0.64924582114731511        0.0000000000000000     
  0.65852076144941962        0.0000000000000000     
  0.66779570175152414        0.0000000000000000     
  0.67707064205362866        0.0000000000000000     
  0.68634558235573317        0.0000000000000000     
  0.69562052265783758        0.0000000000000000     
  0.70489546295994210        0.0000000000000000     
  0.71417040326204662        0.0000000000000000     
  0.72344534356415113        0.0000000000000000     
  0.73272028386625565        0.0000000000000000     
  0.74199522416836017        0.0000000000000000     
  0.75127016447046469        0.0000000000000000     
  0.76054510477256909        0.0000000000000000     
  0.76982004507467361        0.0000000000000000     
  0.77909498537677813        0.0000000000000000     
  0.78836992567888264        0.0000000000000000     
  0.79764486598098716        0.0000000000000000     
  0.80691980628309168        0.0000000000000000     
  0.81619474658519620        0.0000000000000000     
  0.82546968688730060        0.0000000000000000     
  0.83474462718940512        0.0000000000000000     
  0.84401956749150964        0.0000000000000000     
  0.85329450779361415        0.0000000000000000     
  0.86256944809571867        0.0000000000000000     
  0.87184438839782319        0.0000000000000000     
  0.88111932869992771        0.0000000000000000     
  0.89039426900203211        0.0000000000000000     
  0.89966920930413663        0.0000000000000000     
  0.90894414960624115        0.0000000000000000     
  0.91821908990834566        0.0000000000000000     
  0.92749403021045018        0.0000000000000000     
  0.93676897051255470        0.0000000000000000     
  0.94604391081465922        0.0000000000000000     
  0.95531885111676373        0.0000000000000000     
  0.96459379141886814        0.0000000000000000     
  0.97386873172097266        0.0000000000000000     
  0.98314367202307718        0.0000000000000000     
  0.99241861232518169        0.0000000000000000     
   1.0016935526272861        0.0000000000000000     
   1.0109684929293907        0.0000000000000000     
   1.0202434332314951        0.0000000000000000     
   1.0295183735335998        0.0000000000000000     
   1.0387933138357042        0.0000000000000000     
   1.0480682541378088        0.0000000000000000     
   1.0573431944399132        0.0000000000000000     
   1.0666181347420176        0.0000000000000000     
   1.0758930750441222        0.0000000000000000     
   1.0851680153462266        0.0000000000000000     
   1.0944429556483313        0.0000000000000000     
   1.1037178959504357        0.0000000000000000     
   1.1129928362525403        0.0000000000000000     
   1.1222677765546447        0.0000000000000000     
   1.1315427168567491        0.0000000000000000     
   1.1408176571588537        0.0000000000000000     
   1.1500925974609582        0.0000000000000000     
   1.1593675377630628        0.0000000000000000     
   1.1686424780651672        0.0000000000000000     
   1.1779174183672718        0.0000000000000000     
   1.1871923586693762        0.0000000000000000     
   1.1964672989714806        0.0000000000000000     
   1.2057422392735853        0.0000000000000000     
   1.2150171795756897        0.0000000000000000     
   1.2242921198777943        0.0000000000000000     
   1.2335670601798987        0.0000000000000000     
   1.2428420004820033        0.0000000000000000     
   1.2521169407841077        0.0000000000000000     
   1.2613918810862121        0.0000000000000000     
   1.2706668213883168        0.0000000000000000     
   1.2799417616904212        0.0000000000000000     
   1.2892167019925258        0.0000000000000000     
   1.2984916422946302        0.0000000000000000     
   1.3077665825967348        0.0000000000000000     
   1.3170415228988392        0.0000000000000000     
   1.3263164632009437        0.0000000000000000     
   1.3355914035030483        0.0000000000000000     
   1.3448663438051527        0.0000000000000000     
   1.3541412841072573        0.0000000000000000     
   1.3634162244093617        0.0000000000000000     
   1.3726911647114663        0.0000000000000000     
   1.3819661050135708        0.0000000000000000     
   1.3912410453156752        0.0000000000000000     
   1.4005159856177798        0.0000000000000000     
   1.4097909259198842        0.0000000000000000     
   1.4190658662219888        0.0000000000000000     
   1.4283408065240932        0.0000000000000000     
   1.4376157468261979        0.0000000000000000     
   1.4468906871283023        0.0000000000000000     
   1.4561656274304067        0.0000000000000000     
   1.4654405677325113        0.0000000000000000     
   1.4747155080346157        0.0000000000000000     
   1.4839904483367203        0.0000000000000000     
   1.4932653886388247        0.0000000000000000     
   1.5025403289409294        0.0000000000000000     
   1.5118152692430338        0.0000000000000000     
   1.5210902095451382        0.0000000000000000     
   1.5303651498472428        0.0000000000000000     
   1.5396400901493472        0.0000000000000000     
   1.5489150304514518        0.0000000000000000     
   1.5581899707535563        0.0000000000000000     
   1.5674649110556609        0.0000000000000000     
   1.5767398513577653        0.0000000000000000     
   1.5860147916598697        0.0000000000000000     
   1.5952897319619743        0.0000000000000000     
   1.6045646722640787        0.0000000000000000     
   1.6138396125661834        0.0000000000000000     
   1.6231145528682878        0.0000000000000000     
   1.6323894931703924        0.0000000000000000     
   1.6416644334724968        0.0000000000000000     
   1.6509393737746012        0.0000000000000000     
   1.6602143140767058        0.0000000000000000     
   1.6694892543788102        0.0000000000000000     
   1.6787641946809149        0.0000000000000000     
   1.6880391349830193        0.0000000000000000     
   1.6973140752851239        0.0000000000000000     
   1.7065890155872283        0.0000000000000000     
   1.7158639558893327        0.0000000000000000     
   1.7251388961914373        0.0000000000000000     
   1.7344138364935417        0.0000000000000000     
   1.7436887767956464        0.0000000000000000     
   1.7529637170977508        0.0000000000000000     
   1.7622386573998554        0.0000000000000000     
   1.7715135977019598        0.0000000000000000     
   1.7807885380040642        0.0000000000000000     
   1.7900634783061689        0.0000000000000000     
   1.7993384186082733        0.0000000000000000     
   1.8086133589103779        0.0000000000000000     
   1.8178882992124823        0.0000000000000000     
   1.8271632395145869        0.0000000000000000     
   1.8364381798166913        0.0000000000000000     
   1.8457131201187960        0.0000000000000000     
   1.8549880604209004        0.0000000000000000     
   1.8642630007230048        0.0000000000000000     
   1.8735379410251094        0.0000000000000000     
   1.8828128813272138        0.0000000000000000     
   1.8920878216293184        0.0000000000000000     
   1.9013627619314228        0.0000000000000000     
   1.9106377022335275        0.0000000000000000     
   1.9199126425356319        0.0000000000000000     
   1.9291875828377363        0.0000000000000000     
   1.9384625231398409        0.0000000000000000     
   1.9477374634419453        0.0000000000000000     
   1.9570124037440499        0.0000000000000000     
   1.9662873440461544        0.0000000000000000     
   1.9755622843482590        0.0000000000000000     
   1.9848372246503634        0.0000000000000000     
   1.9941121649524678        0.0000000000000000     
   2.0033871052545722        0.0000000000000000     
   2.0126620455566768        0.0000000000000000     
   2.0219369858587815        0.0000000000000000     
   2.0312119261608861        0.0000000000000000     
   2.0404868664629903        0.0000000000000000     
   2.0497618067650949        0.0000000000000000     
   2.0590367470671995        0.0000000000000000     
   2.0683116873693037        0.0000000000000000     
   2.0775866276714083        0.0000000000000000     
   2.0868615679735130        0.0000000000000000     
   2.0961365082756176        0.0000000000000000     
   2.1054114485777218        0.0000000000000000     
   2.1146863888798264        0.0000000000000000     
   2.1239613291819310        0.0000000000000000     
   2.1332362694840352        0.0000000000000000     
   2.1425112097861398        0.0000000000000000     
   2.1517861500882445        0.0000000000000000     
   2.1610610903903491        0.0000000000000000     
   2.1703360306924533        0.0000000000000000     
   2.1796109709945579        0.0000000000000000     
   2.1888859112966625        0.0000000000000000     
   2.1981608515987667        0.0000000000000000     
   2.2074357919008714        0.0000000000000000     
   2.2167107322029760        0.0000000000000000     
   2.2259856725050806        0.0000000000000000     
   2.2352606128071848        0.0000000000000000     
   2.2445355531092894        0.0000000000000000     
   2.2538104934113941        0.0000000000000000     
   2.2630854337134982        0.0000000000000000     
   2.2723603740156029        0.0000000000000000     
   2.2816353143177075        0.0000000000000000     
   2.2909102546198121        0.0000000000000000     
   2.3001851949219163        0.0000000000000000     
   2.3094601352240209        0.0000000000000000     
   2.3187350755261256        0.0000000000000000     
   2.3280100158282298        0.0000000000000000     
   2.3372849561303344        0.0000000000000000     
   2.3465598964324390        0.0000000000000000     
   2.3558348367345436        0.0000000000000000     
   2.3651097770366478        0.0000000000000000     
   2.3743847173387524        0.0000000000000000     
   2.3836596576408571        0.0000000000000000     
   2.3929345979429613        0.0000000000000000     
   2.4022095382450659        0.0000000000000000     
   2.4114844785471705        0.0000000000000000     
   2.4207594188492751        0.0000000000000000     
   2.4300343591513793        0.0000000000000000     
   2.4393092994534840        0.0000000000000000     
   2.4485842397555886        0.0000000000000000     
   2.4578591800576928        0.0000000000000000     
   2.4671341203597974        0.0000000000000000     
   2.4764090606619020        0.0000000000000000     
   2.4856840009640067        0.0000000000000000     
   2.4949589412661108        0.0000000000000000     
   2.5042338815682155        0.0000000000000000     
   2.5135088218703201        0.0000000000000000     
   2.5227837621724243        0.0000000000000000     
   2.5320587024745289        0.0000000000000000     
   2.5413336427766335        0.0000000000000000     
   2.5506085830787382        0.0000000000000000     
   2.5598835233808424        0.0000000000000000     
   2.5691584636829470        0.0000000000000000     
   2.5784334039850516        0.0000000000000000     
   2.5877083442871558        0.0000000000000000     
   2.5969832845892604        0.0000000000000000     
   2.6062582248913650        0.0000000000000000     
   2.6155331651934697        0.0000000000000000     
   2.6248081054955739        0.0000000000000000     
   2.6340830457976785        0.0000000000000000     
   2.6433579860997831        0.0000000000000000     
   2.6526329264018873        0.0000000000000000     
   2.6619078667039919        0.0000000000000000     
   2.6711828070060966        0.0000000000000000     
   2.6804577473082012        0.0000000000000000     
   2.6897326876103054        0.0000000000000000     
   2.6990076279124100        0.0000000000000000     
   2.7082825682145146        0.0000000000000000     
   2.7175575085166188        0.0000000000000000     
   2.7268324488187234        0.0000000000000000     
   2.7361073891208281        0.0000000000000000     
   2.7453823294229327        0.0000000000000000     
   2.7546572697250369        0.0000000000000000     
   2.7639322100271415        0.0000000000000000     
   2.7732071503292461        0.0000000000000000     
   2.7824820906313503        0.0000000000000000     
   2.7917570309334550        0.0000000000000000     
   2.8010319712355596        0.0000000000000000     
   2.8103069115376642        0.0000000000000000     
   2.8195818518397684        0.0000000000000000     
   2.8288567921418730        0.0000000000000000     
   2.8381317324439777        0.0000000000000000     
   2.8474066727460818        0.0000000000000000     
   2.8566816130481865        0.0000000000000000     
   2.8659565533502911        0.0000000000000000     
   2.8752314936523957        0.0000000000000000     
   2.8845064339544999        0.0000000000000000     
   2.8937813742566045        0.0000000000000000     
   2.9030563145587092        0.0000000000000000     
   2.9123312548608133        0.0000000000000000     
   2.9216061951629180        0.0000000000000000     
   2.9308811354650226        0.0000000000000000     
   2.9401560757671272        0.0000000000000000     
   2.9494310160692314        0.0000000000000000     
   2.9587059563713360        0.0000000000000000     
   2.9679808966734407        0.0000000000000000     
   2.9772558369755449        0.0000000000000000     
   2.9865307772776495        0.0000000000000000     
   2.9958057175797541        0.0000000000000000     
   3.0050806578818587        0.0000000000000000     
   3.0143555981839629        0.0000000000000000     
   3.0236305384860676        0.0000000000000000     
   3.0329054787881722        0.0000000000000000     
   3.0421804190902764        0.0000000000000000     
   3.0514553593923810        0.0000000000000000     
   3.0607302996944856        0.0000000000000000     
   3.0700052399965903        0.0000000000000000     
   3.0792801802986944        0.0000000000000000     
   3.0885551206007991        0.0000000000000000     
   3.0978300609029037        0.0000000000000000     
   3.1071050012050079        0.0000000000000000     
   3.1163799415071125        0.0000000000000000     
   3.1256548818092171        0.0000000000000000     
   3.1349298221113218        0.0000000000000000     
   3.1442047624134259        0.0000000000000000     
   3.1534797027155306        0.0000000000000000     
   3.1627546430176352        0.0000000000000000     
   3.1720295833197394        0.0000000000000000     
   3.1813045236218440        0.0000000000000000     
   3.1905794639239486        0.0000000000000000     
   3.1998544042260533        0.0000000000000000     
   3.2091293445281575        0.0000000000000000     
   3.2184042848302621        0.0000000000000000     
   3.2276792251323667        0.0000000000000000     
   3.2369541654344709        0.0000000000000000     
   3.2462291057365755        0.0000000000000000     
   3.2555040460386802        0.0000000000000000     
   3.2647789863407848        0.0000000000000000     
   3.2740539266428890        0.0000000000000000     
   3.2833288669449936        0.0000000000000000     
   3.2926038072470982        0.0000000000000000     
   3.3018787475492024        0.0000000000000000     
   3.3111536878513070        0.0000000000000000     
   3.3204286281534117        0.0000000000000000     
   3.3297035684555163        0.0000000000000000     
   3.3389785087576205        0.0000000000000000     
   3.3482534490597251        0.0000000000000000     
   3.3575283893618297        0.0000000000000000     
   3.3668033296639339        0.0000000000000000     
   3.3760782699660385        0.0000000000000000     
   3.3853532102681432        0.0000000000000000     
   3.3946281505702478        0.0000000000000000     
   3.4039030908723520        0.0000000000000000     
   3.4131780311744566        0.0000000000000000     
   3.4224529714765612        0.0000000000000000     
   3.4317279117786654        0.0000000000000000     
   3.4410028520807701        0.0000000000000000     
   3.4502777923828747        0.0000000000000000     
   3.4595527326849793        0.0000000000000000     
   3.4688276729870835        0.0000000000000000     
   3.4781026132891881        0.0000000000000000     
   3.4873775535912928        0.0000000000000000     
   3.4966524938933969        0.0000000000000000     
   3.5059274341955016        0.0000000000000000     
   3.5152023744976062        0.0000000000000000     
   3.5244773147997108        0.0000000000000000     
   3.5337522551018150        0.0000000000000000     
   3.5430271954039196        0.0000000000000000     
   3.5523021357060243        0.0000000000000000     
   3.5615770760081285        0.0000000000000000     
   3.5708520163102331        0.0000000000000000     
   3.5801269566123377        0.0000000000000000     
   3.5894018969144423        0.0000000000000000     
   3.5986768372165465        0.0000000000000000     
   3.6079517775186511        0.0000000000000000     
   3.6172267178207558        0.0000000000000000     
   3.6265016581228604        0.0000000000000000     
   3.6357765984249646        0.0000000000000000     
   3.6450515387270692        0.0000000000000000     
   3.6543264790291738        0.0000000000000000     
   3.6636014193312780        0.0000000000000000     
   3.6728763596333827        0.0000000000000000     
   3.6821512999354873        0.0000000000000000     
   3.6914262402375919        0.0000000000000000     
   3.7007011805396961        0.0000000000000000     
   3.7099761208418007        0.0000000000000000     
   3.7192510611439054        0.0000000000000000     
   3.7285260014460095        0.0000000000000000     
   3.7378009417481142        0.0000000000000000     
   3.7470758820502188        0.0000000000000000     
   3.7563508223523234        0.0000000000000000     
   3.7656257626544276        0.0000000000000000     
   3.7749007029565322        0.0000000000000000     
   3.7841756432586369        0.0000000000000000     
   3.7934505835607411        0.0000000000000000     
   3.8027255238628457        0.0000000000000000     
   3.8120004641649503        0.0000000000000000     
   3.8212754044670549        0.0000000000000000     
   3.8305503447691591        0.0000000000000000     
   3.8398252850712637        0.0000000000000000     
   3.8491002253733684        0.0000000000000000     
   3.8583751656754726        0.0000000000000000     
   3.8676501059775772        0.0000000000000000     
   3.8769250462796818        0.0000000000000000     
   3.8861999865817864        0.0000000000000000     
   3.8954749268838906        0.0000000000000000     
   3.9047498671859953        0.0000000000000000     
   3.9140248074880999        0.0000000000000000     
   3.9232997477902041        0.0000000000000000     
   3.9325746880923087        0.0000000000000000     
   3.9418496283944133        0.0000000000000000     
   3.9511245686965180        0.0000000000000000     
   3.9603995089986221        0.0000000000000000     
   3.9696744493007268        0.0000000000000000     
   3.9789493896028314        0.0000000000000000     
   3.9882243299049356        0.0000000000000000     
   3.9974992702070402        0.0000000000000000     
   4.0067742105091444        0.0000000000000000     
   4.0160491508112495        0.0000000000000000     
   4.0253240911133537        0.0000000000000000     
   4.0345990314154578        0.0000000000000000     
   4.0438739717175629        0.0000000000000000     
   4.0531489120196671        0.0000000000000000     
   4.0624238523217722        0.0000000000000000     
   4.0716987926238764        0.0000000000000000     
   4.0809737329259805        0.0000000000000000     
   4.0902486732280856        0.0000000000000000     
   4.0995236135301898        0.0000000000000000     
   4.1087985538322940        0.0000000000000000     
   4.1180734941343990        0.0000000000000000     
   4.1273484344365032        0.0000000000000000     
   4.1366233747386074        0.0000000000000000     
   4.1458983150407125        0.0000000000000000     
   4.1551732553428167        0.0000000000000000     
   4.1644481956449209        0.0000000000000000     
   4.1737231359470259        0.0000000000000000     
   4.1829980762491301        0.0000000000000000     
   4.1922730165512352        0.0000000000000000     
   4.2015479568533394        0.0000000000000000     
   4.2108228971554436        0.0000000000000000     
   4.2200978374575486        0.0000000000000000     
   4.2293727777596528        0.0000000000000000     
   4.2386477180617570        0.0000000000000000     
   4.2479226583638621        0.0000000000000000     
   4.2571975986659663        0.0000000000000000     
   4.2664725389680704        0.0000000000000000     
   4.2757474792701755        0.0000000000000000     
   4.2850224195722797        0.0000000000000000     
   4.2942973598743839        0.0000000000000000     
   4.3035723001764890        0.0000000000000000     
   4.3128472404785931        0.0000000000000000     
   4.3221221807806982        0.0000000000000000     
   4.3313971210828024        0.0000000000000000     
   4.3406720613849066        0.0000000000000000     
   4.3499470016870116        0.0000000000000000     
   4.3592219419891158        0.0000000000000000     
   4.3684968822912200        0.0000000000000000     
   4.3777718225933251        0.0000000000000000     
   4.3870467628954293        0.0000000000000000     
   4.3963217031975335        0.0000000000000000     
   4.4055966434996385        0.0000000000000000     
   4.4148715838017427        0.0000000000000000     
   4.4241465241038469        0.0000000000000000     
   4.4334214644059520        0.0000000000000000     
   4.4426964047080562        0.0000000000000000     
   4.4519713450101612        0.0000000000000000     
   4.4612462853122654        0.0000000000000000     
   4.4705212256143696        0.0000000000000000     
   4.4797961659164747        0.0000000000000000     
   4.4890711062185789        0.0000000000000000     
   4.4983460465206830        0.0000000000000000     
   4.5076209868227881        0.0000000000000000     
   4.5168959271248923        0.0000000000000000     
   4.5261708674269965        0.0000000000000000     
   4.5354458077291016        0.0000000000000000     
   4.5447207480312057        0.0000000000000000     
   4.5539956883333099        0.0000000000000000     
   4.5632706286354150        0.0000000000000000     
   4.5725455689375192        0.0000000000000000     
   4.5818205092396243        0.0000000000000000     
   4.5910954495417284        0.0000000000000000     
   4.6003703898438326        0.0000000000000000     
   4.6096453301459377        0.0000000000000000     
   4.6189202704480419        0.0000000000000000     
   4.6281952107501461        0.0000000000000000     
   4.6374701510522511        0.0000000000000000     
   4.6467450913543553        0.0000000000000000     
   4.6560200316564595        0.0000000000000000     
   4.6652949719585646        0.0000000000000000     
   4.6745699122606688        0.0000000000000000     
   4.6838448525627729        0.0000000000000000     
   4.6931197928648780        0.0000000000000000     
   4.7023947331669822        0.0000000000000000     
   4.7116696734690873        0.0000000000000000     
   4.7209446137711915        0.0000000000000000     
   4.7302195540732956        0.0000000000000000     
   4.7394944943754007        0.0000000000000000     
   4.7487694346775049        0.0000000000000000     
   4.7580443749796091        0.0000000000000000     
   4.7673193152817142        0.0000000000000000     
   4.7765942555838183        0.0000000000000000     
   4.7858691958859225        0.0000000000000000     
   4.7951441361880276        0.0000000000000000     
   4.8044190764901318        0.0000000000000000     
   4.8136940167922369        0.0000000000000000     
   4.8229689570943410        0.0000000000000000     
   4.8322438973964452        0.0000000000000000     
   4.8415188376985503        0.0000000000000000     
   4.8507937780006545        0.0000000000000000     
   4.8600687183027587        0.0000000000000000     
   4.8693436586048637        0.0000000000000000     
   4.8786185989069679        0.0000000000000000     
   4.8878935392090721        0.0000000000000000     
   4.8971684795111772        0.0000000000000000     
   4.9064434198132814        0.0000000000000000     
   4.9157183601153855        0.0000000000000000     
   4.9249933004174906        0.0000000000000000     
   4.9342682407195948        0.0000000000000000     
   4.9435431810216999        0.0000000000000000     
   4.9528181213238041        0.0000000000000000     
   4.9620930616259082        0.0000000000000000     
   4.9713680019280133        0.0000000000000000     
   4.9806429422301175        0.0000000000000000     
   4.9899178825322217        0.0000000000000000     
   4.9991928228343268        0.0000000000000000     
   5.0084677631364309        0.0000000000000000     
   5.0177427034385351        0.0000000000000000     
   5.0270176437406402        0.0000000000000000     
   5.0362925840427444        0.0000000000000000     
   5.0455675243448486        0.0000000000000000     
   5.0548424646469536        0.0000000000000000     
   5.0641174049490578        0.0000000000000000     
   5.0733923452511629        0.0000000000000000     
   5.0826672855532671        0.0000000000000000     
   5.0919422258553713        0.0000000000000000     
   5.1012171661574763        0.0000000000000000     
   5.1104921064595805        0.0000000000000000     
   5.1197670467616847        0.0000000000000000     
   5.1290419870637898        0.0000000000000000     
   5.1383169273658940        0.0000000000000000     
   5.1475918676679981        0.0000000000000000     
   5.1568668079701032        0.0000000000000000     
   5.1661417482722074        0.0000000000000000     
   5.1754166885743116        0.0000000000000000     
   5.1846916288764167        0.0000000000000000     
   5.1939665691785208        0.0000000000000000     
   5.2032415094806259        0.0000000000000000     
   5.2125164497827301        0.0000000000000000     
   5.2217913900848343        0.0000000000000000     
   5.2310663303869394        0.0000000000000000     
   5.2403412706890435        0.0000000000000000     
   5.2496162109911477        0.0000000000000000     
   5.2588911512932528        0.0000000000000000     
   5.2681660915953570        0.0000000000000000     
   5.2774410318974612        0.0000000000000000     
   5.2867159721995662        0.0000000000000000     
   5.2959909125016704        0.0000000000000000     
   5.3052658528037746        0.0000000000000000     
   5.3145407931058797        0.0000000000000000     
   5.3238157334079839        0.0000000000000000     
   5.3330906737100889        0.0000000000000000     
   5.3423656140121931        0.0000000000000000     
   5.3516405543142973        0.0000000000000000     
   5.3609154946164024        0.0000000000000000     
   5.3701904349185066        0.0000000000000000     
   5.3794653752206107        0.0000000000000000     
   5.3887403155227158        0.0000000000000000     
   5.3980152558248200        0.0000000000000000     
   5.4072901961269242        0.0000000000000000     
   5.4165651364290293        0.0000000000000000     
   5.4258400767311334        0.0000000000000000     
   5.4351150170332376        0.0000000000000000     
   5.4443899573353427        0.0000000000000000     
   5.4536648976374469        0.0000000000000000     
   5.4629398379395520        0.0000000000000000     
   5.4722147782416561        0.0000000000000000     
   5.4814897185437603        0.0000000000000000     
   5.4907646588458654        0.0000000000000000     
   5.5000395991479696        0.0000000000000000     
   5.5093145394500738        0.0000000000000000     
   5.5185894797521788        0.0000000000000000     
   5.5278644200542830        0.0000000000000000     
   5.5371393603563872        0.0000000000000000     
   5.5464143006584923        0.0000000000000000     
   5.5556892409605965        0.0000000000000000     
   5.5649641812627006        0.0000000000000000     
   5.5742391215648057        0.0000000000000000     
   5.5835140618669099        0.0000000000000000     
   5.5927890021690150        0.0000000000000000     
   5.6020639424711192        0.0000000000000000     
   5.6113388827732233        0.0000000000000000     
   5.6206138230753284        0.0000000000000000     
   5.6298887633774326        0.0000000000000000     
   5.6391637036795368        0.0000000000000000     
   5.6484386439816419        0.0000000000000000     
   5.6577135842837460        0.0000000000000000     
   5.6669885245858502        0.0000000000000000     
   5.6762634648879553        0.0000000000000000     
   5.6855384051900595        0.0000000000000000     
   5.6948133454921637        0.0000000000000000     
   5.7040882857942687        0.0000000000000000     
   5.7133632260963729        0.0000000000000000     
   5.7226381663984780        0.0000000000000000     
   5.7319131067005822        0.0000000000000000     
   5.7411880470026864        0.0000000000000000     
   5.7504629873047914        0.0000000000000000     
   5.7597379276068956        0.0000000000000000     
   5.7690128679089998        0.0000000000000000     
   5.7782878082111049        0.0000000000000000     
   5.7875627485132091        0.0000000000000000     
   5.7968376888153132        0.0000000000000000     
   5.8061126291174183        0.0000000000000000     
   5.8153875694195225        0.0000000000000000     
   5.8246625097216267        0.0000000000000000     
   5.8339374500237318        0.0000000000000000     
   5.8432123903258359        0.0000000000000000     
   5.8524873306279410        0.0000000000000000     
   5.8617622709300452        0.0000000000000000     
   5.8710372112321494        0.0000000000000000     
   5.8803121515342545        0.0000000000000000     
   5.8895870918363586        0.0000000000000000     
   5.8988620321384628        0.0000000000000000     
   5.9081369724405679        0.0000000000000000     
   5.9174119127426721        0.0000000000000000     
   5.9266868530447763        0.0000000000000000     
   5.9359617933468813        0.0000000000000000     
   5.9452367336489855        0.0000000000000000     
   5.9545116739510897        0.0000000000000000     
   5.9637866142531948        0.0000000000000000     
   5.9730615545552990        0.0000000000000000     
   5.9823364948574040        0.0000000000000000     
   5.9916114351595082        0.0000000000000000     
   6.0008863754616124        0.0000000000000000     
   6.0101613157637175        0.0000000000000000     
   6.0194362560658217        0.0000000000000000     
   6.0287111963679259        0.0000000000000000     
   6.0379861366700309        0.0000000000000000     
   6.0472610769721351        0.0000000000000000     
   6.0565360172742393        0.0000000000000000     
   6.0658109575763444        0.0000000000000000     
   6.0750858978784485        0.0000000000000000     
   6.0843608381805527        0.0000000000000000     
   6.0936357784826578        0.0000000000000000     
   6.1029107187847620        0.0000000000000000     
   6.1121856590868671        0.0000000000000000     
   6.1214605993889712        0.0000000000000000     
   6.1307355396910754        0.0000000000000000     
   6.1400104799931805        0.0000000000000000     
   6.1492854202952847        0.0000000000000000     
   6.1585603605973889        0.0000000000000000     
   6.1678353008994939        0.0000000000000000     
   6.1771102412015981        0.0000000000000000     
   6.1863851815037023        0.0000000000000000     
   6.1956601218058074        0.0000000000000000     
   6.2049350621079116        0.0000000000000000     
   6.2142100024100158        0.0000000000000000     
   6.2234849427121208        0.0000000000000000     
   6.2327598830142250        0.0000000000000000     
   6.2420348233163301        0.0000000000000000     
   6.2513097636184343        0.0000000000000000     
   6.2605847039205385        0.0000000000000000     
   6.2698596442226435        0.0000000000000000     
   6.2791345845247477        0.0000000000000000     
   6.2884095248268519        0.0000000000000000     
   6.2976844651289570        0.0000000000000000     
   6.3069594054310611        0.0000000000000000     
   6.3162343457331653        0.0000000000000000     
   6.3255092860352704        0.0000000000000000     
   6.3347842263373746        0.0000000000000000     
   6.3440591666394788        0.0000000000000000     
   6.3533341069415838        0.0000000000000000     
   6.3626090472436880        0.0000000000000000     
   6.3718839875457931        0.0000000000000000     
   6.3811589278478973        0.0000000000000000     
   6.3904338681500015        0.0000000000000000     
   6.3997088084521065        0.0000000000000000     
   6.4089837487542107        0.0000000000000000     
   6.4182586890563149        0.0000000000000000     
   6.4275336293584200        0.0000000000000000     
   6.4368085696605242        0.0000000000000000     
   6.4460835099626284        0.0000000000000000     
   6.4553584502647334        0.0000000000000000     
   6.4646333905668376        0.0000000000000000     
   6.4739083308689418        0.0000000000000000     
   6.4831832711710469        0.0000000000000000     
   6.4924582114731511        0.0000000000000000     
   6.5017331517752561        0.0000000000000000     
   6.5110080920773603        0.0000000000000000     
   6.5202830323794645        0.0000000000000000     
   6.5295579726815696        0.0000000000000000     
   6.5388329129836738        0.0000000000000000     
   6.5481078532857779        0.0000000000000000     
   6.5573827935878830        0.0000000000000000     
   6.5666577338899872        0.0000000000000000     
   6.5759326741920914        0.0000000000000000     
   6.5852076144941964        0.0000000000000000     
   6.5944825547963006        0.0000000000000000     
   6.6037574950984048        0.0000000000000000     
   6.6130324354005099        0.0000000000000000     
   6.6223073757026141        0.0000000000000000     
   6.6315823160047191        0.0000000000000000     
   6.6408572563068233        0.0000000000000000     
   6.6501321966089275        0.0000000000000000     
   6.6594071369110326        0.0000000000000000     
   6.6686820772131368        0.0000000000000000     
   6.6779570175152410        0.0000000000000000     
   6.6872319578173460        0.0000000000000000     
   6.6965068981194502        0.0000000000000000     
   6.7057818384215544        0.0000000000000000     
   6.7150567787236595        0.0000000000000000     
   6.7243317190257637        0.0000000000000000     
   6.7336066593278678        0.0000000000000000     
   6.7428815996299729        0.0000000000000000     
   6.7521565399320771        0.0000000000000000     
   6.7614314802341822        0.0000000000000000     
   6.7707064205362864        0.0000000000000000     
   6.7799813608383905        0.0000000000000000     
   6.7892563011404956        0.0000000000000000     
   6.7985312414425998        0.0000000000000000     
   6.8078061817447040        0.0000000000000000     
   6.8170811220468090        0.0000000000000000     
   6.8263560623489132        0.0000000000000000     
   6.8356310026510174        0.0000000000000000     
   6.8449059429531225        0.0000000000000000     
   6.8541808832552267        0.0000000000000000     
   6.8634558235573309        0.0000000000000000     
   6.8727307638594359        0.0000000000000000     
   6.8820057041615401        0.0000000000000000     
   6.8912806444636452        0.0000000000000000     
   6.9005555847657494        0.0000000000000000     
   6.9098305250678536        0.0000000000000000     
   6.9191054653699586        0.0000000000000000     
   6.9283804056720628        0.0000000000000000     
   6.9376553459741670        0.0000000000000000     
   6.9469302862762721        0.0000000000000000     
   6.9562052265783763        0.0000000000000000     
   6.9654801668804804        0.0000000000000000     
   6.9747551071825855        0.0000000000000000     
   6.9840300474846897        0.0000000000000000     
   6.9933049877867939        0.0000000000000000     
   7.0025799280888990        0.0000000000000000     
   7.0118548683910031        0.0000000000000000     
   7.0211298086931082        0.0000000000000000     
   7.0304047489952124        0.0000000000000000     
   7.0396796892973166        0.0000000000000000     
   7.0489546295994217        0.0000000000000000     
   7.0582295699015258        0.0000000000000000     
   7.0675045102036300        0.0000000000000000     
   7.0767794505057351        0.0000000000000000     
   7.0860543908078393        0.0000000000000000     
   7.0953293311099435        0.0000000000000000     
   7.1046042714120485        0.0000000000000000     
   7.1138792117141527        0.0000000000000000     
   7.1231541520162569        0.0000000000000000     
   7.1324290923183620        0.0000000000000000     
   7.1417040326204662        0.0000000000000000     
   7.1509789729225712        0.0000000000000000     
   7.1602539132246754        0.0000000000000000     
   7.1695288535267796        0.0000000000000000     
   7.1788037938288847        0.0000000000000000     
   7.1880787341309889        0.0000000000000000     
   7.1973536744330930        0.0000000000000000     
   7.2066286147351981        0.0000000000000000     
   7.2159035550373023        0.0000000000000000     
   7.2251784953394065        0.0000000000000000     
   7.2344534356415116        0.0000000000000000     
   7.2437283759436157        0.0000000000000000     
   7.2530033162457208        0.0000000000000000     
   7.2622782565478250        0.0000000000000000     
   7.2715531968499292        0.0000000000000000     
   7.2808281371520343        0.0000000000000000     
   7.2901030774541384        0.0000000000000000     
   7.2993780177562426        0.0000000000000000     
   7.3086529580583477        0.0000000000000000     
   7.3179278983604519        0.0000000000000000     
   7.3272028386625561        0.0000000000000000     
   7.3364777789646611        0.0000000000000000     
   7.3457527192667653        0.0000000000000000     
   7.3550276595688695        0.0000000000000000     
   7.3643025998709746        0.0000000000000000     
   7.3735775401730788        0.0000000000000000     
   7.3828524804751838        0.0000000000000000     
   7.3921274207772880        0.0000000000000000     
   7.4014023610793922        0.0000000000000000     
   7.4106773013814973        0.0000000000000000     
   7.4199522416836015        0.0000000000000000     
   7.4292271819857056        0.0000000000000000     
   7.4385021222878107        0.0000000000000000     
   7.4477770625899149        0.0000000000000000     
   7.4570520028920191        0.0000000000000000     
   7.4663269431941242        0.0000000000000000     
   7.4756018834962283        0.0000000000000000     
   7.4848768237983325        0.0000000000000000     
   7.4941517641004376        0.0000000000000000     
   7.5034267044025418        0.0000000000000000     
   7.5127016447046469        0.0000000000000000     
   7.5219765850067510        0.0000000000000000     
   7.5312515253088552        0.0000000000000000     
   7.5405264656109603        0.0000000000000000     
   7.5498014059130645        0.0000000000000000     
   7.5590763462151687        0.0000000000000000     
   7.5683512865172737        0.0000000000000000     
   7.5776262268193779        0.0000000000000000     
   7.5869011671214821        0.0000000000000000     
   7.5961761074235872        0.0000000000000000     
   7.6054510477256914        0.0000000000000000     
   7.6147259880277955        0.0000000000000000     
   7.6240009283299006        0.0000000000000000     
   7.6332758686320048        0.0000000000000000     
   7.6425508089341099        0.0000000000000000     
   7.6518257492362141        0.0000000000000000     
   7.6611006895383182        0.0000000000000000     
   7.6703756298404233        0.0000000000000000     
   7.6796505701425275        0.0000000000000000     
   7.6889255104446317        0.0000000000000000     
   7.6982004507467368        0.0000000000000000     
   7.7074753910488409        0.0000000000000000     
   7.7167503313509451        0.0000000000000000     
   7.7260252716530502        0.0000000000000000     
   7.7353002119551544        0.0000000000000000     
   7.7445751522572586        0.0000000000000000     
   7.7538500925593636        0.0000000000000000     
   7.7631250328614678        0.0000000000000000     
   7.7723999731635729        0.0000000000000000     
   7.7816749134656771        0.0000000000000000     
   7.7909498537677813        0.0000000000000000     
   7.8002247940698863        0.0000000000000000     
   7.8094997343719905        0.0000000000000000     
   7.8187746746740947        0.0000000000000000     
   7.8280496149761998        0.0000000000000000     
   7.8373245552783040        0.0000000000000000     
   7.8465994955804081        0.0000000000000000     
   7.8558744358825132        0.0000000000000000     
   7.8651493761846174        0.0000000000000000     
   7.8744243164867216        0.0000000000000000     
   7.8836992567888267        0.0000000000000000     
   7.8929741970909308        0.0000000000000000     
   7.9022491373930359        0.0000000000000000     
   7.9115240776951401        0.0000000000000000     
   7.9207990179972443        0.0000000000000000     
   7.9300739582993494        0.0000000000000000     
   7.9393488986014535        0.0000000000000000     
   7.9486238389035577        0.0000000000000000     
   7.9578987792056628        0.0000000000000000     
   7.9671737195077670        0.0000000000000000     
   7.9764486598098712        0.0000000000000000     
   7.9857236001119762        0.0000000000000000     
   7.9949985404140804        0.0000000000000000     
   8.0042734807161846        0.0000000000000000     
   8.0135484210182888        0.0000000000000000     
   8.0228233613203948        0.0000000000000000     
   8.0320983016224989        0.0000000000000000     
   8.0413732419246031        0.0000000000000000     
   8.0506481822267073        0.0000000000000000     
   8.0599231225288115        0.0000000000000000     
   8.0691980628309157        0.0000000000000000     
   8.0784730031330216        0.0000000000000000     
   8.0877479434351258        0.0000000000000000     
   8.0970228837372300        0.0000000000000000     
   8.1062978240393342        0.0000000000000000     
   8.1155727643414384        0.0000000000000000     
   8.1248477046435443        0.0000000000000000     
   8.1341226449456485        0.0000000000000000     
   8.1433975852477527        0.0000000000000000     
   8.1526725255498569        0.0000000000000000     
   8.1619474658519611        0.0000000000000000     
   8.1712224061540653        0.0000000000000000     
   8.1804973464561712        0.0000000000000000     
   8.1897722867582754        0.0000000000000000     
   8.1990472270603796        0.0000000000000000     
   8.2083221673624838        0.0000000000000000     
   8.2175971076645880        0.0000000000000000     
   8.2268720479666939        0.0000000000000000     
   8.2361469882687981        0.0000000000000000     
   8.2454219285709023        0.0000000000000000     
   8.2546968688730065        0.0000000000000000     
   8.2639718091751106        0.0000000000000000     
   8.2732467494772148        0.0000000000000000     
   8.2825216897793208        0.0000000000000000     
   8.2917966300814250        0.0000000000000000     
   8.3010715703835292        0.0000000000000000     
   8.3103465106856333        0.0000000000000000     
   8.3196214509877375        0.0000000000000000     
   8.3288963912898417        0.0000000000000000     
   8.3381713315919477        0.0000000000000000     
   8.3474462718940519        0.0000000000000000     
   8.3567212121961560        0.0000000000000000     
   8.3659961524982602        0.0000000000000000     
   8.3752710928003644        0.0000000000000000     
   8.3845460331024704        0.0000000000000000     
   8.3938209734045746        0.0000000000000000     
   8.4030959137066787        0.0000000000000000     
   8.4123708540087829        0.0000000000000000     
   8.4216457943108871        0.0000000000000000     
   8.4309207346129913        0.0000000000000000     
   8.4401956749150973        0.0000000000000000     
   8.4494706152172014        0.0000000000000000     
   8.4587455555193056        0.0000000000000000     
   8.4680204958214098        0.0000000000000000     
   8.4772954361235140        0.0000000000000000     
   8.4865703764256200        0.0000000000000000     
   8.4958453167277241        0.0000000000000000     
   8.5051202570298283        0.0000000000000000     
   8.5143951973319325        0.0000000000000000     
   8.5236701376340367        0.0000000000000000     
   8.5329450779361409        0.0000000000000000     
   8.5422200182382468        0.0000000000000000     
   8.5514949585403510        0.0000000000000000     
   8.5607698988424552        0.0000000000000000     
   8.5700448391445594        0.0000000000000000     
   8.5793197794466636        0.0000000000000000     
   8.5885947197487678        0.0000000000000000     
   8.5978696600508737        0.0000000000000000     
   8.6071446003529779        0.0000000000000000     
   8.6164195406550821        0.0000000000000000     
   8.6256944809571863        0.0000000000000000     
   8.6349694212592905        0.0000000000000000     
   8.6442443615613964        0.0000000000000000     
   8.6535193018635006        0.0000000000000000     
   8.6627942421656048        0.0000000000000000     
   8.6720691824677090        0.0000000000000000     
   8.6813441227698132        0.0000000000000000     
   8.6906190630719173        0.0000000000000000     
   8.6998940033740233        0.0000000000000000     
   8.7091689436761275        0.0000000000000000     
   8.7184438839782317        0.0000000000000000     
   8.7277188242803359        0.0000000000000000     
   8.7369937645824400        0.0000000000000000     
   8.7462687048845460        0.0000000000000000     
   8.7555436451866502        0.0000000000000000     
   8.7648185854887544        0.0000000000000000     
   8.7740935257908585        0.0000000000000000     
   8.7833684660929627        0.0000000000000000     
   8.7926434063950669        0.0000000000000000     
   8.8019183466971729        0.0000000000000000     
   8.8111932869992771        0.0000000000000000     
   8.8204682273013812        0.0000000000000000     
   8.8297431676034854        0.0000000000000000     
   8.8390181079055896        0.0000000000000000     
   8.8482930482076938        0.0000000000000000     
   8.8575679885097998        0.0000000000000000     
   8.8668429288119039        0.0000000000000000     
   8.8761178691140081        0.0000000000000000     
   8.8853928094161123        0.0000000000000000     
   8.8946677497182165        0.0000000000000000     
   8.9039426900203225        0.0000000000000000     
   8.9132176303224266        0.0000000000000000     
   8.9224925706245308        0.0000000000000000     
   8.9317675109266350        0.0000000000000000     
   8.9410424512287392        0.0000000000000000     
   8.9503173915308434        0.0000000000000000     
   8.9595923318329493        0.0000000000000000     
   8.9688672721350535        0.0000000000000000     
   8.9781422124371577        0.0000000000000000     
   8.9874171527392619        0.0000000000000000     
   8.9966920930413661        0.0000000000000000     
   9.0059670333434720        0.0000000000000000     
   9.0152419736455762        0.0000000000000000     
   9.0245169139476804        0.0000000000000000     
   9.0337918542497846        0.0000000000000000     
   9.0430667945518888        0.0000000000000000     
   9.0523417348539930        0.0000000000000000     
   9.0616166751560989        0.0000000000000000     
   9.0708916154582031        0.0000000000000000     
   9.0801665557603073        0.0000000000000000     
   9.0894414960624115        0.0000000000000000     
   9.0987164363645157        0.0000000000000000     
   9.1079913766666198        0.0000000000000000     
   9.1172663169687258        0.0000000000000000     
   9.1265412572708300        0.0000000000000000     
   9.1358161975729342        0.0000000000000000     
   9.1450911378750384        0.0000000000000000     
   9.1543660781771425        0.0000000000000000     
   9.1636410184792485        0.0000000000000000     
   9.1729159587813527        0.0000000000000000     
   9.1821908990834569        0.0000000000000000     
   9.1914658393855611        0.0000000000000000     
   9.2007407796876652        0.0000000000000000     
   9.2100157199897694        0.0000000000000000     
   9.2192906602918754        0.0000000000000000     
   9.2285656005939796        0.0000000000000000     
   9.2378405408960838        0.0000000000000000     
   9.2471154811981879        0.0000000000000000     
   9.2563904215002921        0.0000000000000000     
   9.2656653618023981        0.0000000000000000     
   9.2749403021045023        0.0000000000000000     
