   9.2749403021045018E-003   3.2453921181664229E-004
   1.8549880604209004E-002   1.3014510415262151E-003
   2.7824820906313504E-002   2.9253049516052847E-003
   3.7099761208418007E-002   5.1761932299719312E-003
   4.6374701510522510E-002   8.0211659456126960E-003
   5.5649641812627007E-002   1.1416733622257506E-002
   6.4924582114731511E-002   1.5312660294627344E-002
   7.4199522416836014E-002   1.9656161078845318E-002
   8.3474462718940518E-002   2.4394345598252716E-002
   9.2749403021045021E-002   2.9477319277101229E-002
  0.10202434332314952        3.4862939075642467E-002
  0.11129928362525401        4.0518290136591389E-002
  0.12057422392735852        4.6422010971213977E-002
  0.12984916422946302        5.2566194323446405E-002
  0.13912410453156754        5.8948404836786719E-002
  0.14839904483367203        6.5558443153533819E-002
  0.15767398513577652        7.2371575995199042E-002
  0.16694892543788104        7.9350490794530520E-002
  0.17622386573998552        8.6454197991624779E-002
  0.18549880604209004        9.3648144138972128E-002
  0.19477374634419453       0.10091134882462599     
  0.20404868664629905       0.10823989557765455     
  0.21332362694840354       0.11564148584633042     
  0.22259856725050803       0.12312180393984921     
  0.23187350755261255       0.13067763584079170     
  0.24114844785471704       0.13829750688158424     
  0.25042338815682152       0.14596448735550710     
  0.25969832845892604       0.15365761105802936     
  0.26897326876103056       0.16135797827649229     
  0.27824820906313508       0.16906142276713476     
  0.28752314936523954       0.17677400454038908     
  0.29679808966734406       0.18449786514190750     
  0.30607302996944857       0.19223001219436930     
  0.31534797027155304       0.19996714269380544     
  0.32462291057365755       0.20770255693976411     
  0.33389785087576207       0.21542149352367404     
  0.34317279117786659       0.22310981116351730     
  0.35244773147997105       0.23077272513300207     
  0.36172267178207557       0.23843174906937520     
  0.37099761208418008       0.24610269872173504     
  0.38027255238628455       0.25378621230515824     
  0.38954749268838906       0.26148151834845434     
  0.39882243299049358       0.26920597206720243     
  0.40809737329259810       0.27699622955535075     
  0.41737231359470256       0.28488634076940295     
  0.42664725389680708       0.29288592484682252     
  0.43592219419891159       0.30097687031675757     
  0.44519713450101606       0.30913855430976300     
  0.45447207480312057       0.31737735337932271     
  0.46374701510522509       0.32572039754109888     
  0.47302195540732961       0.33419276152370697     
  0.48229689570943407       0.34280606283330445     
  0.49157183601153859       0.35155738147447591     
  0.50084677631364305       0.36042868542195755     
  0.51012171661574757       0.36938242357904155     
  0.51939665691785208       0.37837241301022906     
  0.52867159721995660       0.38737124973574633     
  0.53794653752206112       0.39637654890120477     
  0.54722147782416564       0.40538745414200095     
  0.55649641812627015       0.41438909793979983     
  0.56577135842837456       0.42336608155233474     
  0.57504629873047908       0.43231955682605694     
  0.58432123903258359       0.44127020738575257     
  0.59359617933468811       0.45024793239832162     
  0.60287111963679263       0.45926850692749405     
  0.61214605993889715       0.46831786895756095     
  0.62142100024100166       0.47735364959506965     
  0.63069594054310607       0.48632319774644484     
  0.63997088084521059       0.49519689747254358     
  0.64924582114731511       0.50400480291479743     
  0.65852076144941962       0.51281877583787938     
  0.66779570175152414       0.52168976970470016     
  0.67707064205362866       0.53062871110249588     
  0.68634558235573317       0.53962083528596949     
  0.69562052265783758       0.54864475357730025     
  0.70489546295994210       0.55768906118831973     
  0.71417040326204662       0.56675966222965213     
  0.72344534356415113       0.57587375429314558     
  0.73272028386625565       0.58504876675425510     
  0.74199522416836017       0.59429554051013433     
  0.75127016447046469       0.60361811732642090     
  0.76054510477256909       0.61301597656966655     
  0.76982004507467361       0.62248410875764160     
  0.77909498537677813       0.63201086374042825     
  0.78836992567888264       0.64158096041844803     
  0.79764486598098716       0.65118141854749867     
  0.80691980628309168       0.66080029443624611     
  0.81619474658519620       0.67042476462326495     
  0.82546968688730060       0.68004231788145142     
  0.83474462718940512       0.68963670078524020     
  0.84401956749150964       0.69917964302765789     
  0.85329450779361415       0.70863653653632452     
  0.86256944809571867       0.71798649376498203     
  0.87184438839782319       0.72722860137963596     
  0.88111932869992771       0.73636906984999051     
  0.89039426900203211       0.74540182583852699     
  0.89966920930413663       0.75429888073310247     
  0.90894414960624115       0.76302178000326004     
  0.91821908990834566       0.77154113145017666     
  0.92749403021045018       0.77984511184746508     
  0.93676897051255470       0.78793760825297732     
  0.94604391081465922       0.79583235705834188     
  0.95531885111676373       0.80356173447975887     
  0.96459379141886814       0.81116880594979979     
  0.97386873172097266       0.81868981220200043     
  0.98314367202307718       0.82614720454711610     
  0.99241861232518169       0.83354404975898244     
   1.0016935526272861       0.84087155880882947     
   1.0109684929293907       0.84812190128470022     
   1.0202434332314951       0.85528595420031761     
   1.0295183735335998       0.86235552984010588     
   1.0387933138357042       0.86933318383083347     
   1.0480682541378088       0.87622962329188281     
   1.0573431944399132       0.88305880518568380     
   1.0666181347420176       0.88983694866569829     
   1.0758930750441222       0.89657740352718540     
   1.0851680153462266       0.90328648694784586     
   1.0944429556483313       0.90996706536256722     
   1.1037178959504357       0.91661523623151542     
   1.1129928362525403       0.92321414772412824     
   1.1222677765546447       0.92974090931134490     
   1.1315427168567491       0.93618255191541944     
   1.1408176571588537       0.94253531944466662     
   1.1500925974609582       0.94879057358350694     
   1.1593675377630628       0.95494319212789036     
   1.1686424780651672       0.96101048610495132     
   1.1779174183672718       0.96702454329596832     
   1.1871923586693762       0.97301820799642547     
   1.1964672989714806       0.97901843493420282     
   1.2057422392735853       0.98503846939984674     
   1.2150171795756897       0.99106807628340976     
   1.2242921198777943       0.99706774649294672     
   1.2335670601798987        1.0029823610445052     
   1.2428420004820033        1.0087840199509146     
   1.2521169407841077        1.0144997567181226     
   1.2613918810862121        1.0201807114095185     
   1.2706668213883168        1.0258667568980095     
   1.2799417616904212        1.0315829437840407     
   1.2892167019925258        1.0373484135063840     
   1.2984916422946302        1.0431880757809870     
   1.3077665825967348        1.0491310041081792     
   1.3170415228988392        1.0552015482422561     
   1.3263164632009437        1.0614100886837115     
   1.3355914035030483        1.0677438695587718     
   1.3448663438051527        1.0741666516280262     
   1.3541412841072573        1.0806328656183857     
   1.3634162244093617        1.0871102563006350     
   1.3726911647114663        1.0935911859332370     
   1.3819661050135708        1.1000705706944762     
   1.3912410453156752        1.1065256845447657     
   1.4005159856177798        1.1129184472240365     
   1.4097909259198842        1.1192102595096567     
   1.4190658662219888        1.1253750006541390     
   1.4283408065240932        1.1314040055118495     
   1.4376157468261979        1.1373044549258930     
   1.4468906871283023        1.1430908131002728     
   1.4561656274304067        1.1487723912775101     
   1.4654405677325113        1.1543620894533064     
   1.4747155080346157        1.1598957552339162     
   1.4839904483367203        1.1654253004226147     
   1.4932653886388247        1.1709955771112477     
   1.5025403289409294        1.1766343483582091     
   1.5118152692430338        1.1823553605920480     
   1.5210902095451382        1.1881594294032425     
   1.5303651498472428        1.1940266284734284     
   1.5396400901493472        1.1999140774065724     
   1.5489150304514518        1.2057658104195887     
   1.5581899707535563        1.2115266352785772     
   1.5674649110556609        1.2171522607810468     
   1.5767398513577653        1.2226095982780727     
   1.5860147916598697        1.2278802508481610     
   1.5952897319619743        1.2329726016274827     
   1.6045646722640787        1.2379215675038240     
   1.6138396125661834        1.2427885764286895     
   1.6231145528682878        1.2476401785723958     
   1.6323894931703924        1.2525109803608279     
   1.6416644334724968        1.2573860678463051     
   1.6509393737746012        1.2622002935506651     
   1.6602143140767058        1.2668706856781955     
   1.6694892543788102        1.2713253824946880     
   1.6787641946809149        1.2755365397453138     
   1.6880391349830193        1.2795209879933382     
   1.6973140752851239        1.2833218357951310     
   1.7065890155872283        1.2870021433079419     
   1.7158639558893327        1.2906373809972700     
   1.7251388961914373        1.2942895547196811     
   1.7344138364935417        1.2979793904293160     
   1.7436887767956464        1.3016918117581087     
   1.7529637170977508        1.3054093617627514     
   1.7622386573998554        1.3091339245289104     
   1.7715135977019598        1.3128729564984623     
   1.7807885380040642        1.3166266832210194     
   1.7900634783061689        1.3204024886765955     
   1.7993384186082733        1.3242085645136421     
   1.8086133589103779        1.3280487862374064     
   1.8178882992124823        1.3319391965527156     
   1.8271632395145869        1.3359053281457465     
   1.8364381798166913        1.3399653275046550     
   1.8457131201187960        1.3441142207403523     
   1.8549880604209004        1.3483214766878269     
   1.8642630007230048        1.3525457329043618     
   1.8735379410251094        1.3567571413108508     
   1.8828128813272138        1.3609487909287936     
   1.8920878216293184        1.3651382087183670     
   1.9013627619314228        1.3693653547323636     
   1.9106377022335275        1.3736788003184441     
   1.9199126425356319        1.3781119076337023     
   1.9291875828377363        1.3826670627201507     
   1.9384625231398409        1.3873163962727764     
   1.9477374634419453        1.3920099768459702     
   1.9570124037440499        1.3966870392197379     
   1.9662873440461544        1.4012872004579069     
   1.9755622843482590        1.4057605815206604     
   1.9848372246503634        1.4100847279105237     
   1.9941121649524678        1.4142684910335126     
   2.0033871052545722        1.4183418659720848     
   2.0126620455566768        1.4223527919246952     
   2.0219369858587815        1.4263607594765968     
   2.0312119261608861        1.4304235612278859     
   2.0404868664629903        1.4345893896382171     
   2.0497618067650949        1.4388974350372044     
   2.0590367470671995        1.4433835044407834     
   2.0683116873693037        1.4480866467271623     
   2.0775866276714083        1.4530489541310694     
   2.0868615679735130        1.4582932872470278     
   2.0961365082756176        1.4638148156902355     
   2.1054114485777218        1.4695940831610568     
   2.1146863888798264        1.4756132780521474     
   2.1239613291819310        1.4818596730644609     
   2.1332362694840352        1.4883150174586679     
   2.1425112097861398        1.4949447355551442     
   2.1517861500882445        1.5017065821705240     
   2.1610610903903491        1.5085715707068028     
   2.1703360306924533        1.5155306510784374     
   2.1796109709945579        1.5225818967244769     
   2.1888859112966625        1.5297239157460147     
   2.1981608515987667        1.5369684602249520     
   2.2074357919008714        1.5443543081133237     
   2.2167107322029760        1.5519421112677663     
   2.2259856725050806        1.5597811074259011     
   2.2352606128071848        1.5678827389109060     
   2.2445355531092894        1.5762185676543490     
   2.2538104934113941        1.5847341933081944     
   2.2630854337134982        1.5933638459360018     
   2.2723603740156029        1.6020433858412908     
   2.2816353143177075        1.6107192851874013     
   2.2909102546198121        1.6193548001215743     
   2.3001851949219163        1.6279278704769362     
   2.3094601352240209        1.6364204966003986     
   2.3187350755261256        1.6448136194558807     
   2.3280100158282298        1.6530906577125235     
   2.3372849561303344        1.6612379554042918     
   2.3465598964324390        1.6692431099688809     
   2.3558348367345436        1.6770996991853395     
   2.3651097770366478        1.6848124036160086     
   2.3743847173387524        1.6923965151522145     
   2.3836596576408571        1.6998745884860482     
   2.3929345979429613        1.7072696360006967     
   2.4022095382450659        1.7145948259082975     
   2.4114844785471705        1.7218489707091651     
   2.4207594188492751        1.7290282153881735     
   2.4300343591513793        1.7361443526503675     
   2.4393092994534840        1.7432295888666158     
   2.4485842397555886        1.7503230690394556     
   2.4578591800576928        1.7574486227686028     
   2.4671341203597974        1.7646027735150878     
   2.4764090606619020        1.7717628223148605     
   2.4856840009640067        1.7788950043644214     
   2.4949589412661108        1.7859559388810666     
   2.5042338815682155        1.7928983700255878     
   2.5135088218703201        1.7996910411747160     
   2.5227837621724243        1.8063406594344162     
   2.5320587024745289        1.8128880841620094     
   2.5413336427766335        1.8193814092643175     
   2.5506085830787382        1.8258512580154904     
   2.5598835233808424        1.8323004535152974     
   2.5691584636829470        1.8387154033098931     
   2.5784334039850516        1.8450820112536719     
   2.5877083442871558        1.8513954719110970     
   2.5969832845892604        1.8576625432450524     
   2.6062582248913650        1.8639025313144126     
   2.6155331651934697        1.8701422545449247     
   2.6248081054955739        1.8764061254145372     
   2.6340830457976785        1.8827123873252325     
   2.6433579860997831        1.8890720943201511     
   2.6526329264018873        1.8954825268356581     
   2.6619078667039919        1.9019178466662148     
   2.6711828070060966        1.9083304274519080     
   2.6804577473082012        1.9146616304657558     
   2.6897326876103054        1.9208522738511469     
   2.6990076279124100        1.9268640430616408     
   2.7082825682145146        1.9327063129173769     
   2.7175575085166188        1.9384245167871634     
   2.7268324488187234        1.9440703066295233     
   2.7361073891208281        1.9496828342032912     
   2.7453823294229327        1.9552792601099980     
   2.7546572697250369        1.9608639379242001     
   2.7639322100271415        1.9664438098457848     
   2.7732071503292461        1.9720240283726511     
   2.7824820906313503        1.9776134269338679     
   2.7917570309334550        1.9832355330765377     
   2.8010319712355596        1.9889170455191580     
   2.8103069115376642        1.9946814448468813     
   2.8195818518397684        2.0005578813622344     
   2.8288567921418730        2.0065773535124460     
   2.8381317324439777        2.0127594539455167     
   2.8474066727460818        2.0191019047892351     
   2.8566816130481865        2.0255727158703367     
   2.8659565533502911        2.0320980908489177     
   2.8752314936523957        2.0385771787989491     
   2.8845064339544999        2.0449311289892305     
   2.8937813742566045        2.0511437125463585     
   2.9030563145587092        2.0572541623306884     
   2.9123312548608133        2.0633126721651087     
   2.9216061951629180        2.0693480122866528     
   2.9308811354650226        2.0753852362183287     
   2.9401560757671272        2.0814640810363185     
   2.9494310160692314        2.0876193407383559     
   2.9587059563713360        2.0938608963973167     
   2.9679808966734407        2.1001702679025760     
   2.9772558369755449        2.1065089937136756     
   2.9865307772776495        2.1128384680720473     
   2.9958057175797541        2.1191392711259582     
   3.0050806578818587        2.1254084612048469     
   3.0143555981839629        2.1316399494176377     
   3.0236305384860676        2.1378036899832487     
   3.0329054787881722        2.1438573408400732     
   3.0421804190902764        2.1497746445215720     
   3.0514553593923810        2.1555562467270319     
   3.0607302996944856        2.1612229547525375     
   3.0700052399965903        2.1668167848820490     
   3.0792801802986944        2.1723990358535845     
   3.0885551206007991        2.1780309981916499     
   3.0978300609029037        2.1837517412840954     
   3.1071050012050079        2.1895645721945791     
   3.1163799415071125        2.1954415503766254     
   3.1256548818092171        2.2013491895188544     
   3.1349298221113218        2.2072763750368041     
   3.1442047624134259        2.2132332080489370     
   3.1534797027155306        2.2192224371410516     
   3.1627546430176352        2.2252301817920892     
   3.1720295833197394        2.2312391930759445     
   3.1813045236218440        2.2372461470507790     
   3.1905794639239486        2.2432722443801070     
   3.1998544042260533        2.2493640095248031     
   3.2091293445281575        2.2555879855927712     
   3.2184042848302621        2.2620147663122223     
   3.2276792251323667        2.2686977434817832     
   3.2369541654344709        2.2756556473101885     
   3.2462291057365755        2.2828639380026403     
   3.2555040460386802        2.2902599097144076     
   3.2647789863407848        2.2977600880493090     
   3.2740539266428890        2.3052801289838776     
   3.2833288669449936        2.3127454550531312     
   3.2926038072470982        2.3200939022560334     
   3.3018787475492024        2.3272758484344886     
   3.3111536878513070        2.3342609152623415     
   3.3204286281534117        2.3410439342081033     
   3.3297035684555163        2.3476355777917326     
   3.3389785087576205        2.3540506486429185     
   3.3482534490597251        2.3602986282348750     
   3.3575283893618297        2.3663828011486649     
   3.3668033296639339        2.3723049872531794     
   3.3760782699660385        2.3780752997500278     
   3.3853532102681432        2.3837303948551702     
   3.3946281505702478        2.3893083845223853     
   3.4039030908723520        2.3948215795037795     
   3.4131780311744566        2.4002711027788135     
   3.4224529714765612        2.4056769538761431     
   3.4317279117786654        2.4110936065846409     
   3.4410028520807701        2.4165854014153467     
   3.4502777923828747        2.4221990930008741     
   3.4595527326849793        2.4279628055614118     
   3.4688276729870835        2.4338936211646085     
   3.4781026132891881        2.4399929202839825     
   3.4873775535912928        2.4462352563744103     
   3.4966524938933969        2.4525729939781598     
   3.5059274341955016        2.4589549435282412     
   3.5152023744976062        2.4653327203571793     
   3.5244773147997108        2.4716637541078272     
   3.5337522551018150        2.4779176324053025     
   3.5430271954039196        2.4840723010158552     
   3.5523021357060243        2.4901121428086830     
   3.5615770760081285        2.4960217085295322     
   3.5708520163102331        2.5017696403232743     
   3.5801269566123377        2.5072977915856156     
   3.5894018969144423        2.5125312696086084     
   3.5986768372165465        2.5173864758703122     
   3.6079517775186511        2.5217964856600101     
   3.6172267178207558        2.5257246385717540     
   3.6265016581228604        2.5291626270710035     
   3.6357765984249646        2.5321411666167446     
   3.6450515387270692        2.5347460878834775     
   3.6543264790291738        2.5371181509292571     
   3.6636014193312780        2.5394282738498486     
   3.6728763596333827        2.5418340066621958     
   3.6821512999354873        2.5444464894781538     
   3.6914262402375919        2.5473344496145014     
   3.7007011805396961        2.5505313570429191     
   3.7099761208418007        2.5540404169571342     
   3.7192510611439054        2.5578445267468766     
   3.7285260014460095        2.5619172186343939     
   3.7378009417481142        2.5662344922747469     
   3.7470758820502188        2.5707853927784106     
   3.7563508223523234        2.5755712930736538     
   3.7656257626544276        2.5805966830485536     
   3.7749007029565322        2.5858636483104429     
   3.7841756432586369        2.5913584972163255     
   3.7934505835607411        2.5970397654868549     
   3.8027255238628457        2.6028579658775093     
   3.8120004641649503        2.6087745372499813     
   3.8212754044670549        2.6147629082865640     
   3.8305503447691591        2.6207960620427531     
   3.8398252850712637        2.6268427730280428     
   3.8491002253733684        2.6328739078741830     
   3.8583751656754726        2.6388687245694031     
   3.8676501059775772        2.6448171030912615     
   3.8769250462796818        2.6507171035648316     
   3.8861999865817864        2.6565700742083056     
   3.8954749268838906        2.6623807589818660     
   3.9047498671859953        2.6681588285450313     
   3.9140248074880999        2.6739022329995907     
   3.9232997477902041        2.6795913237909210     
   3.9325746880923087        2.6852083347146345     
   3.9418496283944133        2.6907428131447415     
   3.9511245686965180        2.6961883574231851     
   3.9603995089986221        2.7015500659759737     
   3.9696744493007268        2.7068563526145653     
   3.9789493896028314        2.7121621219179084     
   3.9882243299049356        2.7175420223059290     
   3.9974992702070402        2.7230776066523918     
   4.0067742105091444        2.7288373075612253     
   4.0160491508112495        2.7348449233299124     
   4.0253240911133537        2.7410619420900715     
   4.0345990314154578        2.7474276899063255     
   4.0438739717175629        2.7538968160474977     
   4.0531489120196671        2.7604502954943522     
   4.0624238523217722        2.7670967431173965     
   4.0716987926238764        2.7738562309764268     
   4.0809737329259805        2.7807315140267064     
   4.0902486732280856        2.7876944015925966     
   4.0995236135301898        2.7946856343744209     
   4.1087985538322940        2.8016389791604039     
   4.1180734941343990        2.8085125946616913     
   4.1273484344365032        2.8153158360416337     
   4.1366233747386074        2.8220890655005459     
   4.1458983150407125        2.8288614910211130     
   4.1551732553428167        2.8356343383079818     
   4.1644481956449209        2.8423977129207199     
   4.1737231359470259        2.8491464498673684     
   4.1829980762491301        2.8558831637225395     
   4.1922730165512352        2.8626127384117850     
   4.2015479568533394        2.8693359755602410     
   4.2108228971554436        2.8760467237509215     
   4.2200978374575486        2.8827257916688196     
   4.2293727777596528        2.8893387898203922     
   4.2386477180617570        2.8958559031961069     
   4.2479226583638621        2.9022692029032595     
   4.2571975986659663        2.9085826612243473     
   4.2664725389680704        2.9147970299596362     
   4.2757474792701755        2.9209095323838494     
   4.2850224195722797        2.9269203126769048     
   4.2942973598743839        2.9328334252943034     
   4.3035723001764890        2.9386597186896832     
   4.3128472404785931        2.9444266616250423     
   4.3221221807806982        2.9501585692737042     
   4.3313971210828024        2.9558486738248577     
   4.3406720613849066        2.9614615821721020     
   4.3499470016870116        2.9669459434947578     
   4.3592219419891158        2.9722502573652143     
   4.3684968822912200        2.9773554234955113     
   4.3777718225933251        2.9822943247600260     
   4.3870467628954293        2.9871399049329388     
   4.3963217031975335        2.9919829681309023     
   4.4055966434996385        2.9969146141259135     
   4.4148715838017427        3.0020116654171312     
   4.4241465241038469        3.0073184194019094     
   4.4334214644059520        3.0128380375802677     
   4.4426964047080562        3.0185334378647317     
   4.4519713450101612        3.0243432945136668     
   4.4612462853122654        3.0302108297955819     
   4.4705212256143696        3.0361041693164070     
   4.4797961659164747        3.0419954382892773     
   4.4890711062185789        3.0478418737723256     
   4.4983460465206830        3.0535873999282588     
   4.5076209868227881        3.0591778983714519     
   4.5168959271248923        3.0645841878487978     
   4.5261708674269965        3.0698139893158989     
   4.5354458077291016        3.0748966682859527     
   4.5447207480312057        3.0798593383516031     
   4.5539956883333099        3.0847148818695675     
   4.5632706286354150        3.0894646870620126     
   4.5725455689375192        3.0941124759584291     
   4.5818205092396243        3.0986759302110243     
   4.5910954495417284        3.1031880879837797     
   4.6003703898438326        3.1076967204993156     
   4.6096453301459377        3.1122671846951979     
   4.6189202704480419        3.1169663053051684     
   4.6281952107501461        3.1218366834214271     
   4.6374701510522511        3.1268815312575113     
   4.6467450913543553        3.1320628659717857     
   4.6560200316564595        3.1373242241268389     
   4.6652949719585646        3.1426252162592090     
   4.6745699122606688        3.1479594196799647     
   4.6838448525627729        3.1533403895859995     
   4.6931197928648780        3.1587709291485027     
   4.7023947331669822        3.1642272253442330     
   4.7116696734690873        3.1696743662494486     
   4.7209446137711915        3.1750997059172916     
   4.7302195540732956        3.1805071231585966     
   4.7394944943754007        3.1858977738426644     
   4.7487694346775049        3.1912757649974672     
   4.7580443749796091        3.1966696096016634     
   4.7673193152817142        3.2021403199787692     
   4.7765942555838183        3.2077685829246203     
   4.7858691958859225        3.2136415192541379     
   4.7951441361880276        3.2198314472494003     
   4.8044190764901318        3.2263492819444930     
   4.8136940167922369        3.2331372486844381     
   4.8229689570943410        3.2401180428956899     
   4.8322438973964452        3.2472338253145541     
   4.8415188376985503        3.2544234248890134     
   4.8507937780006545        3.2615663268106561     
   4.8600687183027587        3.2685344988393026     
   4.8693436586048637        3.2752633077554374     
   4.8786185989069679        3.2817653019842332     
   4.8878935392090721        3.2881022910718802     
   4.8971684795111772        3.2943297601586670     
   4.9064434198132814        3.3004805248204669     
   4.9157183601153855        3.3065904843631362     
   4.9249933004174906        3.3127125587615556     
   4.9342682407195948        3.3188936871917063     
   4.9435431810216999        3.3251478944768427     
   4.9528181213238041        3.3314577270606045     
   4.9620930616259082        3.3378091979939781     
   4.9713680019280133        3.3442304442965094     
   4.9806429422301175        3.3507903286596465     
   4.9899178825322217        3.3575614873151181     
   4.9991928228343268        3.3645927553593591     
   5.0084677631364309        3.3719035497137306     
   5.0177427034385351        3.3794918122731148     
   5.0270176437406402        3.3873442132496074     
   5.0362925840427444        3.3954400087996532     
   5.0455675243448486        3.4037442760541374     
   5.0548424646469536        3.4121886064400324     
   5.0641174049490578        3.4206573301829972     
   5.0733923452511629        3.4290106350422147     
   5.0826672855532671        3.4371182677251024     
   5.0919422258553713        3.4448830789002787     
   5.1012171661574763        3.4522514162254683     
   5.1104921064595805        3.4592147583327226     
   5.1197670467616847        3.4658156859744267     
   5.1290419870637898        3.4721459664252872     
   5.1383169273658940        3.4783149523519614     
   5.1475918676679981        3.4844104368873317     
   5.1568668079701032        3.4904864909221387     
   5.1661417482722074        3.4965906204816233     
   5.1754166885743116        3.5027494753238786     
   5.1846916288764167        3.5089546447553994     
   5.1939665691785208        3.5151842364073387     
   5.2032415094806259        3.5214115805412209     
   5.2125164497827301        3.5276044527112442     
   5.2217913900848343        3.5337516002250702     
   5.2310663303869394        3.5398868720869876     
   5.2403412706890435        3.5460820056315789     
   5.2496162109911477        3.5524256214903653     
   5.2588911512932528        3.5589869474946054     
   5.2681660915953570        3.5657792090710694     
   5.2774410318974612        3.5727492631674362     
   5.2867159721995662        3.5798110711465636     
   5.2959909125016704        3.5868924466651309     
   5.3052658528037746        3.5939593913409444     
   5.3145407931058797        3.6010226457392709     
   5.3238157334079839        3.6081218452870218     
   5.3330906737100889        3.6152993964706206     
   5.3423656140121931        3.6225929783261099     
   5.3516405543142973        3.6300255264442640     
   5.3609154946164024        3.6375879700056704     
   5.3701904349185066        3.6452284751369075     
   5.3794653752206107        3.6528635866718497     
   5.3887403155227158        3.6604155497548723     
   5.3980152558248200        3.6678461060538612     
   5.4072901961269242        3.6751642886461688     
   5.4165651364290293        3.6824130626382234     
   5.4258400767311334        3.6896429404856659     
   5.4351150170332376        3.6968913753416563     
   5.4443899573353427        3.7041801003075050     
   5.4536648976374469        3.7115237215211718     
   5.4629398379395520        3.7189329379236793     
   5.4722147782416561        3.7264074172791091     
   5.4814897185437603        3.7339288833421400     
   5.4907646588458654        3.7414688268390175     
   5.5000395991479696        3.7490099699866821     
   5.5093145394500738        3.7565614196035919     
   5.5185894797521788        3.7641577469162417     
   5.5278644200542830        3.7718414285464306     
   5.5371393603563872        3.7796396967246202     
   5.5464143006584923        3.7875556371261276     
   5.5556892409605965        3.7955674022629524     
   5.5649641812627006        3.8036269756302468     
   5.5742391215648057        3.8116708173021570     
   5.5835140618669099        3.8196340990481388     
   5.5927890021690150        3.8274604537688455     
   5.6020639424711192        3.8350998616916590     
   5.6113388827732233        3.8425048871097349     
   5.6206138230753284        3.8496336535066122     
   5.6298887633774326        3.8564513797944993     
   5.6391637036795368        3.8629308390526829     
   5.6484386439816419        3.8690410892602625     
   5.6577135842837460        3.8747321103009349     
   5.6669885245858502        3.8799408005547988     
   5.6762634648879553        3.8846058696617716     
   5.6855384051900595        3.8886882449035722     
   5.6948133454921637        3.8921999539186216     
   5.7040882857942687        3.8952342020485489     
   5.7133632260963729        3.8979591841859840     
   5.7226381663984780        3.9005527883656996     
   5.7319131067005822        3.9031446007274795     
   5.7411880470026864        3.9057877676199642     
   5.7504629873047914        3.9084572767171806     
   5.7597379276068956        3.9110903692739099     
   5.7690128679089998        3.9136441690980655     
   5.7782878082111049        3.9161185741010098     
   5.7875627485132091        3.9185563680344200     
   5.7968376888153132        3.9210313451040366     
   5.8061126291174183        3.9236194934857629     
   5.8153875694195225        3.9263683102880624     
   5.8246625097216267        3.9293001128701750     
   5.8339374500237318        3.9324384237076484     
   5.8432123903258359        3.9358211044673634     
   5.8524873306279410        3.9394936682837609     
   5.8617622709300452        3.9435001615627181     
   5.8710372112321494        3.9478801573008346     
   5.8803121515342545        3.9526705625498115     
   5.8895870918363586        3.9579115028720784     
   5.8988620321384628        3.9636425503321484     
   5.9081369724405679        3.9698779649109537     
   5.9174119127426721        3.9765811776887352     
   5.9266868530447763        3.9836697171146134     
   5.9359617933468813        3.9910330092312023     
   5.9452367336489855        3.9985634259386629     
   5.9545116739510897        4.0061908918060567     
   5.9637866142531948        4.0138761444010989     
   5.9730615545552990        4.0215890266311041     
   5.9823364948574040        4.0292949808576450     
   5.9916114351595082        4.0369543254977485     
   6.0008863754616124        4.0445298070095781     
   6.0101613157637175        4.0519859676115226     
   6.0194362560658217        4.0592779488841595     
   6.0287111963679259        4.0663509413997989     
   6.0379861366700309        4.0731588278118602     
   6.0472610769721351        4.0796971429126136     
   6.0565360172742393        4.0860030827094986     
   6.0658109575763444        4.0921379971961516     
   6.0750858978784485        4.0981812339312489     
   6.0843608381805527        4.1042184458766879     
   6.0936357784826578        4.1103235752971905     
   6.1029107187847620        4.1165394121786187     
   6.1121856590868671        4.1228724743043852     
   6.1214605993889712        4.1293122110765808     
   6.1307355396910754        4.1358634702239589     
   6.1400104799931805        4.1425448295254421     
   6.1492854202952847        4.1493541140667380     
   6.1585603605973889        4.1562488513775753     
   6.1678353008994939        4.1631617424509058     
   6.1771102412015981        4.1700268710107746     
   6.1863851815037023        4.1767931761748551     
   6.1956601218058074        4.1834315402485061     
   6.2049350621079116        4.1899401418679885     
   6.2142100024100158        4.1963517358728213     
   6.2234849427121208        4.2027359186152005     
   6.2327598830142250        4.2091809626045320     
   6.2420348233163301        4.2157615253756555     
   6.2513097636184343        4.2224996854187831     
   6.2605847039205385        4.2293313761262068     
   6.2698596442226435        4.2361487641345743     
   6.2791345845247477        4.2428812453818852     
   6.2884095248268519        4.2494912273968657     
   6.2976844651289570        4.2559477397329699     
   6.3069594054310611        4.2622328832604248     
   6.3162343457331653        4.2683691282081053     
   6.3255092860352704        4.2744338091354042     
   6.3347842263373746        4.2805300621402571     
   6.3440591666394788        4.2867389537337210     
   6.3533341069415838        4.2930885192725921     
   6.3626090472436880        4.2995478660397284     
   6.3718839875457931        4.3060462062724847     
   6.3811589278478973        4.3125172531334419     
   6.3904338681500015        4.3189158095317559     
   6.3997088084521065        4.3252238201068653     
   6.4089837487542107        4.3314539890160288     
   6.4182586890563149        4.3376171127016052     
   6.4275336293584200        4.3436973856732628     
   6.4368085696605242        4.3496462438709687     
   6.4460835099626284        4.3553803385738874     
   6.4553584502647334        4.3607836607568702     
   6.4646333905668376        4.3657273461742019     
   6.4739083308689418        4.3701208993740694     
   6.4831832711710469        4.3739575678071816     
   6.4924582114731511        4.3772847377613591     
   6.5017331517752561        4.3801614166688889     
   6.5110080920773603        4.3826618760952911     
   6.5202830323794645        4.3848908153323425     
   6.5295579726815696        4.3869825237771511     
   6.5388329129836738        4.3890744421510561     
   6.5481078532857779        4.3912787144378758     
   6.5573827935878830        4.3936757568155382     
   6.5666577338899872        4.3963154823952619     
   6.5759326741920914        4.3992158617974884     
   6.5852076144941964        4.4023688601721496     
   6.5944825547963006        4.4057512362434919     
   6.6037574950984048        4.4093343628330057     
   6.6130324354005099        4.4130900159041309     
   6.6223073757026141        4.4169998767003165     
   6.6315823160047191        4.4210723884301784     
   6.6408572563068233        4.4253303144386624     
   6.6501321966089275        4.4297829825630801     
   6.6594071369110326        4.4344272886085445     
   6.6686820772131368        4.4392640863559745     
   6.6779570175152410        4.4442980118497211     
   6.6872319578173460        4.4495276638067613     
   6.6965068981194502        4.4549436051967595     
   6.7057818384215544        4.4605348369020259     
   6.7150567787236595        4.4662942816615416     
   6.7243317190257637        4.4722156257383467     
   6.7336066593278678        4.4782866180520156     
   6.7428815996299729        4.4844857134335356     
   6.7521565399320771        4.4907834393222208     
   6.7614314802341822        4.4971460243033485     
   6.7707064205362864        4.5035529264519454     
   6.7799813608383905        4.5100333426254089     
   6.7892563011404956        4.5166918536513334     
   6.7985312414425998        4.5236546580084740     
   6.8078061817447040        4.5310033268920726     
   6.8170811220468090        4.5387676982454730     
   6.8263560623489132        4.5469434984173205     
   6.8356310026510174        4.5554979329882777     
   6.8449059429531225        4.5643610361598101     
   6.8541808832552267        4.5734174824485283     
   6.8634558235573309        4.5825159690860024     
   6.8727307638594359        4.5915060257784743     
   6.8820057041615401        4.6002810902292088     
   6.8912806444636452        4.6087911849381538     
   6.9005555847657494        4.6170358892431036     
   6.9098305250678536        4.6250503476484175     
   6.9191054653699586        4.6328777421503426     
   6.9283804056720628        4.6405335697836589     
   6.9376553459741670        4.6479983725580993     
   6.9469302862762721        4.6552473407943769     
   6.9562052265783763        4.6622555834124526     
   6.9654801668804804        4.6689864872615283     
   6.9747551071825855        4.6754014072993240     
   6.9840300474846897        4.6814689811716148     
   6.9933049877867939        4.6871575417716231     
   7.0025799280888990        4.6924306600949830     
   7.0118548683910031        4.6972609627633677     
   7.0211298086931082        4.7016460218920608     
   7.0304047489952124        4.7056089939967141     
   7.0396796892973166        4.7091918252351874     
   7.0489546295994217        4.7124520285875775     
   7.0582295699015258        4.7154694339734649     
   7.0675045102036300        4.7183505403751616     
   7.0767794505057351        4.7212180898327745     
   7.0860543908078393        4.7241865429833911     
   7.0953293311099435        4.7273445810177028     
   7.1046042714120485        4.7307487951100802     
   7.1138792117141527        4.7344238028462469     
   7.1231541520162569        4.7383733096377201     
   7.1324290923183620        4.7425910746682263     
   7.1417040326204662        4.7470579059509568     
   7.1509789729225712        4.7517343787253772     
   7.1602539132246754        4.7565692392360752     
   7.1695288535267796        4.7615141447386087     
   7.1788037938288847        4.7665287682614599     
   7.1880787341309889        4.7715927059948733     
   7.1973536744330930        4.7767229597183425     
   7.2066286147351981        4.7817807698723511     
   7.2159035550373023        4.7867875181086728     
   7.2251784953394065        4.7919548195841255     
   7.2344534356415116        4.7972005626876362     
   7.2437283759436157        4.8024290865642669     
   7.2530033162457208        4.8075867836660402     
   7.2622782565478250        4.8126898007517074     
   7.2715531968499292        4.8178139685259351     
   7.2808281371520343        4.8230498358503260     
   7.2901030774541384        4.8284473916737278     
   7.2993780177562426        4.8339889223714181     
   7.3086529580583477        4.8395944541592595     
   7.3179278983604519        4.8451524676833184     
   7.3272028386625561        4.8505683037456038     
   7.3364777789646611        4.8557964476643782     
   7.3457527192667653        4.8608425825840733     
   7.3550276595688695        4.8657517437746973     
   7.3643025998709746        4.8705901877205431     
   7.3735775401730788        4.8754219590568013     
   7.3828524804751838        4.8802927378786460     
   7.3921274207772880        4.8852256081053200     
   7.4014023610793922        4.8902206197313092     
   7.4106773013814973        4.8952649873341834     
   7.4199522416836015        4.9003397803906852     
   7.4292271819857056        4.9054116479978438     
   7.4385021222878107        4.9104305407715154     
   7.4477770625899149        4.9153704575361772     
   7.4570520028920191        4.9202796208738242     
   7.4663269431941242        4.9252900754852895     
   7.4756018834962283        4.9305833840939997     
   7.4848768237983325        4.9362933989287150     
   7.4941517641004376        4.9424111554323398     
   7.5034267044025418        4.9488312025066099     
   7.5127016447046469        4.9554194581481772     
   7.5219765850067510        4.9620293660959840     
   7.5312515253088552        4.9685078883837033     
   7.5405264656109603        4.9747383188832988     
   7.5498014059130645        4.9807088893901668     
   7.5590763462151687        4.9864937074200899     
   7.5683512865172737        4.9921715887853830     
   7.5776262268193779        4.9977977653225221     
   7.5869011671214821        5.0034095295373282     
   7.5961761074235872        5.0090267562508037     
   7.6054510477256914        5.0146551142528093     
   7.6147259880277955        5.0203044113925568     
   7.6240009283299006        5.0259954947099743     
   7.6332758686320048        5.0317513654114228     
   7.6425508089341099        5.0375946601505852     
   7.6518257492362141        5.0435532408226402     
   7.6611006895383182        5.0496549409921450     
   7.6703756298404233        5.0558506431406940     
   7.6796505701425275        5.0620039701928805     
   7.6889255104446317        5.0679876511918955     
   7.6982004507467368        5.0737264956783390     
   7.7074753910488409        5.0791763034725284     
   7.7167503313509451        5.0843125698985538     
   7.7260252716530502        5.0891521754368911     
   7.7353002119551544        5.0937613235219343     
   7.7445751522572586        5.0982310286096286     
   7.7538500925593636        5.1026595312737753     
   7.7631250328614678        5.1071493002393193     
   7.7723999731635729        5.1117867334473885     
   7.7816749134656771        5.1166211316478689     
   7.7909498537677813        5.1216658986074792     
   7.8002247940698863        5.1269133640386428     
   7.8094997343719905        5.1323463622460626     
   7.8187746746740947        5.1379385353943352     
   7.8280496149761998        5.1436468742778070     
   7.8373245552783040        5.1494160684489785     
   7.8465994955804081        5.1551925810348971     
   7.8558744358825132        5.1609234811825582     
   7.8651493761846174        5.1665406589594705     
   7.8744243164867216        5.1719409926143429     
   7.8836992567888267        5.1769648335665090     
   7.8929741970909308        5.1814582844412378     
   7.9022491373930359        5.1854113583496551     
   7.9115240776951401        5.1889449074646317     
   7.9207990179972443        5.1921743938921088     
   7.9300739582993494        5.1951391743248285     
   7.9393488986014535        5.1978311788467604     
   7.9486238389035577        5.2002211886957088     
   7.9578987792056628        5.2022662189008724     
   7.9671737195077670        5.2039483464459497     
   7.9764486598098712        5.2053086488237064     
   7.9857236001119762        5.2064424253590991     
   7.9949985404140804        5.2074570816528425     
   8.0042734807161846        5.2084345531545884     
   8.0135484210182888        5.2094266783669791     
   8.0228233613203948        5.2102013216293033     
   8.0320983016224989        5.2110200982363395     
   8.0413732419246031        5.2120499895301542     
   8.0506481822267073        5.2133607892731115     
   8.0599231225288115        5.2149845791510572     
   8.0691980628309157        5.2169180980000602     
   8.0784730031330216        5.2191228990371794     
   8.0877479434351258        5.2215241548302940     
   8.0970228837372300        5.2240682193971448     
   8.1062978240393342        5.2268015982577003     
   8.1155727643414384        5.2297905804737272     
   8.1248477046435443        5.2330310513292826     
   8.1341226449456485        5.2364499514452056     
   8.1433975852477527        5.2399407951059267     
   8.1526725255498569        5.2434123474520353     
   8.1619474658519611        5.2468241816524195     
   8.1712224061540653        5.2501908068884582     
   8.1804973464561712        5.2535594473528366     
   8.1897722867582754        5.2569884899106523     
   8.1990472270603796        5.2605288975646625     
   8.2083221673624838        5.2642193453783630     
   8.2175971076645880        5.2680975696064536     
   8.2268720479666939        5.2722022082283067     
   8.2361469882687981        5.2763216937719779     
   8.2454219285709023        5.2802979771766552     
   8.2546968688730065        5.2845212242016872     
   8.2639718091751106        5.2889795224633200     
   8.2732467494772148        5.2936564939424606     
   8.2825216897793208        5.2985451087909130     
   8.2917966300814250        5.3036601222028343     
   8.3010715703835292        5.3090226374425873     
   8.3103465106856333        5.3146000043882555     
   8.3196214509877375        5.3199854164009990     
   8.3288963912898417        5.3256069587606811     
   8.3381713315919477        5.3313886887264452     
   8.3474462718940519        5.3372604442360485     
   8.3567212121961560        5.3432290122321922     
   8.3659961524982602        5.3493096284569086     
   8.3752710928003644        5.3554646893666860     
   8.3845460331024704        5.3616671261872320     
   8.3938209734045746        5.3679520858987972     
   8.4030959137066787        5.3744036474027270     
   8.4123708540087829        5.3811195353595958     
   8.4216457943108871        5.3881884846991541     
   8.4309207346129913        5.3956704821889225     
   8.4401956749150973        5.4035790397338372     
   8.4494706152172014        5.4118810705590148     
   8.4587455555193056        5.4205123258373176     
   8.4680204958214098        5.4293887912882042     
   8.4772954361235140        5.4384122000847022     
   8.4865703764256200        5.4474778667046042     
   8.4958453167277241        5.4564705402342817     
   8.5051202570298283        5.4652577297318885     
   8.5143951973319325        5.4737226183021788     
   8.5236701376340367        5.4818141365141591     
   8.5329450779361409        5.4895686839897957     
   8.5422200182382468        5.4970829718812908     
   8.5514949585403510        5.5044613332812524     
   8.5607698988424552        5.5118082209184296     
   8.5700448391445594        5.5192385222105811     
   8.5793197794466636        5.5268608109708994     
   8.5885947197487678        5.5347555598489970     
   8.5978696600508737        5.5429843454245917     
   8.6071446003529779        5.5515809676650756     
   8.6164195406550821        5.5605234609996179     
   8.6256944809571863        5.5697164278231206     
   8.6349694212592905        5.5789977063850760     
   8.6442443615613964        5.5881681570812161     
   8.6535193018635006        5.5970353842617593     
   8.6627942421656048        5.6054483610779542     
   8.6720691824677090        5.6133088845266670     
   8.6813441227698132        5.6205619049878264     
   8.6906190630719173        5.6271698608297491     
   8.6998940033740233        5.6327802832938225     
   8.7091689436761275        5.6375633549635404     
   8.7184438839782317        5.6414754316891553     
   8.7277188242803359        5.6444617274207953     
   8.7369937645824400        5.6465389326073741     
   8.7462687048845460        5.6478015296467845     
   8.7555436451866502        5.6483903657547261     
   8.7648185854887544        5.6484448583935940     
   8.7740935257908585        5.6480984288383409     
   8.7833684660929627        5.6475016778518796     
   8.7926434063950669        5.6468174537826465     
   8.8019183466971729        5.6458736740422886     
   8.8111932869992771        5.6450017751164356     
   8.8204682273013812        5.6442392307862752     
   8.8297431676034854        5.6435458100752234     
   8.8390181079055896        5.6428766003804203     
   8.8482930482076938        5.6422590168432949     
   8.8575679885097998        5.6417934819242319     
   8.8668429288119039        5.6412653909814896     
   8.8761178691140081        5.6409601277642114     
   8.8853928094161123        5.6408344245675925     
   8.8946677497182165        5.6408270298777525     
   8.9039426900203225        5.6409040866069384     
   8.9132176303224266        5.6410660623937634     
   8.9224925706245308        5.6413436196911464     
   8.9317675109266350        5.6417803179612154     
   8.9410424512287392        5.6424092213369867     
   8.9503173915308434        5.6432498785354843     
   8.9595923318329493        5.6443236894003226     
   8.9688672721350535        5.6456566691173782     
   8.9781422124371577        5.6472630547871203     
   8.9874171527392619        5.6491324751551701     
   8.9966920930413661        5.6512350125727284     
   9.0059670333434720        5.6535513565694213     
   9.0152419736455762        5.6560963455462172     
   9.0245169139476804        5.6588913035345323     
   9.0337918542497846        5.6619468552402283     
   9.0430667945518888        5.6652897377469893     
   9.0523417348539930        5.6689980730001333     
   9.0616166751560989        5.6731719640339122     
   9.0708916154582031        5.6778613583866928     
   9.0801665557603073        5.6830515004479309     
   9.0894414960624115        5.6886933085922609     
   9.0987164363645157        5.6947243501058802     
   9.1079913766666198        5.7010916493535229     
   9.1172663169687258        5.7077795210426334     
   9.1265412572708300        5.7148218333969494     
   9.1358161975729342        5.7222825476785237     
   9.1450911378750384        5.7302193374203254     
   9.1543660781771425        5.7386363140979304     
   9.1636410184792485        5.7474283195918865     
   9.1729159587813527        5.7563835032210982     
   9.1821908990834569        5.7649642924058329     
   9.1914658393855611        5.7733079738181337     
   9.2007407796876652        5.7814571973423270     
   9.2100157199897694        5.7893301715602270     
   9.2192906602918754        5.7968327275038511     
   9.2285656005939796        5.8038869087188925     
   9.2378405408960838        5.8104549667845644     
   9.2471154811981879        5.8165175428232514     
   9.2563904215002921        5.8220768656515780     
   9.2656653618023981        5.8272093044517552     
   9.2749403021045023        5.8320622679683725     
